# # dt (years), log_Teff/K, log_g/(cm/s^2)
4.636427945461955667e+07 3.731548128002769360e+00 3.984466541985026922e+00
3.008167566016300768e+07 3.718485821079379416e+00 3.933015182933379705e+00
2.819790377399310470e+07 3.715260456863577421e+00 3.919575030186287279e+00
2.904054088686633855e+07 3.700487654431968920e+00 3.836396101628198441e+00
1.206584647914911620e+07 3.694017508739924516e+00 3.769103398156890439e+00
1.042489135798483342e+07 3.690408299503192158e+00 3.704057844776691866e+00
1.080852735995865799e+07 3.688240741874591500e+00 3.641251817573986305e+00
1.120628116680514067e+07 3.686821929276255183e+00 3.581418747960957827e+00
1.161867231374357454e+07 3.685689641756954682e+00 3.523846846200763050e+00
4.533380925854516216e+06 3.684939199735318027e+00 3.476055936530551893e+00
4.501037771639846265e+06 3.684100312390139909e+00 3.429436829869374925e+00
4.666675961636184715e+06 3.683288556461107088e+00 3.386695346208850488e+00
4.838409637024398893e+06 3.682525822694377560e+00 3.346552816217987392e+00
4.899735319874747656e+06 3.681596609817991972e+00 3.302603458167865824e+00
2.540022789823069703e+06 3.680816208754389418e+00 3.267957138230281888e+00
2.633495628488559742e+06 3.679893767736130972e+00 3.229275125200977481e+00
2.275340223014115356e+06 3.678996328689347450e+00 3.193873691818712501e+00
2.359072743221035693e+06 3.678092710800741738e+00 3.160046570598502136e+00
2.425817404324107338e+06 3.677052950709447376e+00 3.122992846657631549e+00
2.515087484803235624e+06 3.676013088640893489e+00 3.087819085715505896e+00
2.607642704243995715e+06 3.675016200712151182e+00 3.055040024722965875e+00
2.069638164716532221e+06 3.673924004944469690e+00 3.020306986533992877e+00
2.145800849178097211e+06 3.672894287333189123e+00 2.989388193522056536e+00
1.112383160213925876e+06 3.672012342080778424e+00 2.962814291154967528e+00
1.088243415685766377e+06 3.670980295793500048e+00 2.932963762259083840e+00
9.402423111525019631e+05 3.670116071159012172e+00 2.908579958206395144e+00
9.553749820775480475e+05 3.669107301898737017e+00 2.880685877745354784e+00
9.276180162942403695e+05 3.668029351040167363e+00 2.851588756567742244e+00
9.617543592938688817e+05 3.667050595845798178e+00 2.825594377518110267e+00
9.768762672966652317e+05 3.666019302967884474e+00 2.798234172407445985e+00
1.012825313933182973e+06 3.665029928444976104e+00 2.772865569582607659e+00
1.050097285485922359e+06 3.663932635186423870e+00 2.745989459030744761e+00
1.088740865591804730e+06 3.662988539164232282e+00 2.722206022470082143e+00
5.604046425690124743e+05 3.662201892990780472e+00 2.702610135886148068e+00
5.810275334155523451e+05 3.661249628632453401e+00 2.679522393637172151e+00
8.314387053682854166e+05 3.660145209494032770e+00 2.653025955555639470e+00
6.173093113426108612e+05 3.659352662488438490e+00 2.634224795245174722e+00
6.203933097476274706e+05 3.658413678763301924e+00 2.612086812057747842e+00
6.432237835463391384e+05 3.657592717053857800e+00 2.593310578780033460e+00
6.668944187808447750e+05 3.656803083247595509e+00 2.574992270159586649e+00
6.371507201296362327e+05 3.656198916683114586e+00 2.560330180094796404e+00
6.238574905321106780e+05 3.655662655317765797e+00 2.547707908727103732e+00
6.052770601933336584e+05 3.655379555023065219e+00 2.540435948765398688e+00
5.883247714095471893e+05 3.655439433801791260e+00 2.540052205267656404e+00
5.771844978704381501e+05 3.655694593186087360e+00 2.543693980353665118e+00
1.235156870046331780e+06 3.656748964438231386e+00 2.562423727880384305e+00
1.084090065563437762e+06 3.656102460190843395e+00 2.544810126604639677e+00
8.492381503427048447e+05 3.655034431938007700e+00 2.520909965570998335e+00
9.219403279867868405e+05 3.651089250129497810e+00 2.437394900410645437e+00
1.151897496539811138e+06 3.647005386646625880e+00 2.353377998237160984e+00
9.912929504603940295e+05 3.642625370016331576e+00 2.266413768971318632e+00
8.053540967626854545e+05 3.638347668063965923e+00 2.183162389186742658e+00
6.526792010280992836e+05 3.635661162835979177e+00 2.130514546816903110e+00
5.816770675637964159e+05 3.633357638916328458e+00 2.085528582658310537e+00
5.181372822991970461e+05 3.631588062318512389e+00 2.051507642994847114e+00
4.582611645721092355e+05 3.629567004749727932e+00 2.013263504192325914e+00
3.811635273900724715e+05 3.626768284375170737e+00 1.961944141513072948e+00
3.574558613736757543e+05 3.626224798294588769e+00 1.951620143614383629e+00
3.186780209291406791e+05 3.625986371987664381e+00 1.944779447273041306e+00
3.367025141166992835e+05 3.624731051922957636e+00 1.921868470370960980e+00
3.013390556349125691e+05 3.622750790212621474e+00 1.885685912406148690e+00
2.881707200847690692e+05 3.620420663484103407e+00 1.843212495734975365e+00
2.709046534876475926e+05 3.618813022489801856e+00 1.814721901281814542e+00
2.518407159742997319e+05 3.616894011545756182e+00 1.780918556805862751e+00
2.299051560818657745e+05 3.614128727412186493e+00 1.733471475177956744e+00
2.060137967257547134e+05 3.613887359720571180e+00 1.728049167836803068e+00
1.754369789966286917e+05 3.612077605288389837e+00 1.697196498092023109e+00
1.848274478191387898e+05 3.610021504929808778e+00 1.662183563412752418e+00
1.732473505102718773e+05 3.608099200758853264e+00 1.629619978133346914e+00
1.608269528487068892e+05 3.606863046915243842e+00 1.608466710224709439e+00
1.518457694591817854e+05 3.605161768612683115e+00 1.579628503475187795e+00
1.400328783531925292e+05 3.603549268856783616e+00 1.552370715969150439e+00
1.299245190146041859e+05 3.601747003236525302e+00 1.522754666773256771e+00
1.218389999939749687e+05 3.600556283761536136e+00 1.502299822597327639e+00
1.177205760124484223e+05 3.599008538882112251e+00 1.476435996526656025e+00
1.107214676505710231e+05 3.597100172780282712e+00 1.444908066475951269e+00
1.029987815989756637e+05 3.596124561715338341e+00 1.428246172032352934e+00
9.768890314062187099e+04 3.593614324646133174e+00 1.387769350940068147e+00
9.120888802801058046e+04 3.592864298989913774e+00 1.375620067113206169e+00
8.701846857601832016e+04 3.592287043063581375e+00 1.365106499733787837e+00
8.379381610642882879e+04 3.590557823294885598e+00 1.336819935060064246e+00
7.936392848005819542e+04 3.589494886587791367e+00 1.319243246275467518e+00
7.512463228085341689e+04 3.588186594252595452e+00 1.298010775787146853e+00
6.790578504488896579e+04 3.587261215188720875e+00 1.282829510766398284e+00
6.295489960816831444e+04 3.586348777176588509e+00 1.267824857518542458e+00
6.114586477910868416e+04 3.584357326024496082e+00 1.236193559297508404e+00
5.223260327535750548e+04 3.585178816472629926e+00 1.248358277049923748e+00
5.555590184936290461e+04 3.583726201232169561e+00 1.224389240499226483e+00
5.369171752635623125e+04 3.582850265962825187e+00 1.210053002158419710e+00
5.067885148120918166e+04 3.581726443314706021e+00 1.191882056975150483e+00
4.683180446643945470e+04 3.581172813568892721e+00 1.182748666123280668e+00
4.876476350915374496e+04 3.579983087051810564e+00 1.163571618892763837e+00
4.621457542217775335e+04 3.579024284807087231e+00 1.148126013806442858e+00
4.441832848033705523e+04 3.578162801176405061e+00 1.134244247723490862e+00
4.351591946212684707e+04 3.576745747302190193e+00 1.112004644241922247e+00
4.148681631422897044e+04 3.575973780297850180e+00 1.099512596797295627e+00
3.944789919210498920e+04 3.575258990847610896e+00 1.087821803412517774e+00
3.724687265572245815e+04 3.574406761410125366e+00 1.074952482000031351e+00
3.640821832241288939e+04 3.573599206330706934e+00 1.061971828739427970e+00
3.335996834980370477e+04 3.573442341090582008e+00 1.058909330154914841e+00
3.476090724391556432e+04 3.572346332398319557e+00 1.041532243113608036e+00
3.488259276072708599e+04 3.570914862421491698e+00 1.019570911725223628e+00
3.161543821963879964e+04 3.571310207790421742e+00 1.024942915264280607e+00
3.278523934354167432e+04 3.570197566478368500e+00 1.007667840817891181e+00
3.077356735170228421e+04 3.569397365949909862e+00 9.947894511385227956e-01
2.993067972531856867e+04 3.568788399729704519e+00 9.850877793918331182e-01
2.921784017138030686e+04 3.568208959868393926e+00 9.756865120487723253e-01
2.856014335415276219e+04 3.567438725427207302e+00 9.638084101808040982e-01
2.654200179902597301e+04 3.567297976560847683e+00 9.610707531919745472e-01
2.708839913377111225e+04 3.566936691770519641e+00 9.550077803999703630e-01
2.740224073146673254e+04 3.566045120183683803e+00 9.411189499074112952e-01
2.666010246115392511e+04 3.565249371519211508e+00 9.287690508566300851e-01
2.582139165210088322e+04 3.564493497990067539e+00 9.169742651014817225e-01
2.504017622530485460e+04 3.563758204728615819e+00 9.054734516317179960e-01
2.441267614948610571e+04 3.563017925649732298e+00 8.940088204407068417e-01
2.373361488451733021e+04 3.562318098888226814e+00 8.829545330131013392e-01
2.310731273492289256e+04 3.561607197130919111e+00 8.719644950855074406e-01
2.259215389888586287e+04 3.560909260629582462e+00 8.611007416012267379e-01
2.181267217064446959e+04 3.560232594927608130e+00 8.506663499345074042e-01
2.122310081154621730e+04 3.559563195578961725e+00 8.402804917805110074e-01
2.095157085137394097e+04 3.558874012249258811e+00 8.296872925495353268e-01
2.019204676494522209e+04 3.558252174343258023e+00 8.198698500998764516e-01
1.967972806088052312e+04 3.557595917508284078e+00 8.098549655599973640e-01
1.936764332680493681e+04 3.556944186249400452e+00 7.998364152360459833e-01
1.889066748270633252e+04 3.556325714145860850e+00 7.901562739337718577e-01
1.829215885570415048e+04 3.555700847783643592e+00 7.806819157225689532e-01
1.799675855797305485e+04 3.555085995199482429e+00 7.711059503606221277e-01
1.762727609452133402e+04 3.554450712040841509e+00 7.615997631261596235e-01
1.733470035564943464e+04 3.553849506395142743e+00 7.522289430867108440e-01
1.687845216673348841e+04 3.553251247180381878e+00 7.431109888748016479e-01
1.654045176090103269e+04 3.552645589284320504e+00 7.339410462646901445e-01
1.619655429733253368e+04 3.552073367596146891e+00 7.250059661350034546e-01
1.577520286513294923e+04 3.551484432944040481e+00 7.161568633872605893e-01
1.554845668905275124e+04 3.550899101816478609e+00 7.072341704090793213e-01
1.517066727598475700e+04 3.550345679987368275e+00 6.986867689994610275e-01
1.484733185482241424e+04 3.549778606821148319e+00 6.900914335592105431e-01
1.460621422802141205e+04 3.549213406284393191e+00 6.815075067401032971e-01
1.428043806767091883e+04 3.548674860309136481e+00 6.731955446478700145e-01
1.399085097988122834e+04 3.548127776610464412e+00 6.648918241591975642e-01
1.375762192756142395e+04 3.547590947581303222e+00 6.566491221606219897e-01
1.354351049665504615e+04 3.547045729587875229e+00 6.484060309547718948e-01
1.323043435493397374e+04 3.546530602791404974e+00 6.404456431066550826e-01
1.301128874268043728e+04 3.546012361101229970e+00 6.324545910320825692e-01
1.267660537569425105e+04 3.545500219175160783e+00 6.246880534738479263e-01
1.250700913669485453e+04 3.544984716413863701e+00 6.167986466358719166e-01
1.228896243732990297e+04 3.544470100281654545e+00 6.090198095276229129e-01
1.210986909199701586e+04 3.543969870577163839e+00 6.013116553794151109e-01
1.174727947276685518e+04 3.543493326538667443e+00 5.939954247162593237e-01
1.144061001073125590e+04 3.543011291729313506e+00 5.866995484737748123e-01
1.130392310049620755e+04 3.542521037965777442e+00 5.792274112515718443e-01
1.103290998768766258e+04 3.542043962295384762e+00 5.720542965086906628e-01
1.088493515429693798e+04 3.541568931395875364e+00 5.647904631579555579e-01
1.062770971006947002e+04 3.541117074146792998e+00 5.578354938951476383e-01
1.055808875673986586e+04 3.540633503600719489e+00 5.505671532574670790e-01
1.033902917099576371e+04 3.540180706937289479e+00 5.436536996501974972e-01
1.007842713725398244e+04 3.539741372096742111e+00 5.369286286159196120e-01
9.946177898023066518e+03 3.539283261416334980e+00 5.300273067174473551e-01
9.745009432399348952e+03 3.538837418096052012e+00 5.233069623182312613e-01
9.600298481895293662e+03 3.538373586184661690e+00 5.165203988393489709e-01
9.428405991289961094e+03 3.537948226976324939e+00 5.099652182039003945e-01
9.229855500614859920e+03 3.537515886840472579e+00 5.034930696893105129e-01
9.185853641260448057e+03 3.537063549015047492e+00 4.967699563650196937e-01
9.014409607487194080e+03 3.536644637031509664e+00 4.903794462229689732e-01
8.958221502469170446e+03 3.536206672879420587e+00 4.837875616432096848e-01
8.847262155433756561e+03 3.535771827063435957e+00 4.773241697777526604e-01
8.677460696502274004e+03 3.535353620635339755e+00 4.710324291475432856e-01
8.553274122831000568e+03 3.534928719886631043e+00 4.646766790115077761e-01
8.396320548304787735e+03 3.534530167123492106e+00 4.585701239550170616e-01
8.341588812174279155e+03 3.534112360690177201e+00 4.522410195447266190e-01
8.159346260017435270e+03 3.533708036852389878e+00 4.462247582637321464e-01
8.097276455721897037e+03 3.533283843890905995e+00 4.399700597275079672e-01
8.007617420319065786e+03 3.532876646192930181e+00 4.338266197836399551e-01
7.865479531163219690e+03 3.532464090136714585e+00 4.278218422000734100e-01
7.765254323081963776e+03 3.532068188526185981e+00 4.218431967983216624e-01
7.653232112789750317e+03 3.531665107990995978e+00 4.158840875906004153e-01
7.559847544686281253e+03 3.531267174635201567e+00 4.099715914599050826e-01
7.444935930859210202e+03 3.530895308708885239e+00 4.042044528686576377e-01
7.264028673795513896e+03 3.530507190089091196e+00 3.985529228438240423e-01
7.282694573946876517e+03 3.530107911017110300e+00 3.925413924760400297e-01
7.110420789328546562e+03 3.529706054864619968e+00 3.869005870223010124e-01
6.935222137362603462e+03 3.529337774318534127e+00 3.814434073491517752e-01
6.844964209851532360e+03 3.528950917294033651e+00 3.758208426708645189e-01
6.776893937674722110e+03 3.528604484043616818e+00 3.703652400185189486e-01
6.751550016631591461e+03 3.528209754006145005e+00 3.646609546494536946e-01
6.682173708410997278e+03 3.527839450085687556e+00 3.591677719303739691e-01
6.607228033018629503e+03 3.527467545554919148e+00 3.536877505072945072e-01
6.518414785939320609e+03 3.527091796659457490e+00 3.482223541587022853e-01
6.485550824969347559e+03 3.526701924775208496e+00 3.426219308430216715e-01
6.425132693114171161e+03 3.526332790230677805e+00 3.371868986575106697e-01
6.309411973689305341e+03 3.525965140965971578e+00 3.318849115877012812e-01
6.186463042097224388e+03 3.525616199633584191e+00 3.267078057167657201e-01
6.044004194787567940e+03 3.525263765736715627e+00 3.216166893558135009e-01
6.055875459409016912e+03 3.524876566114381937e+00 3.161324839399909936e-01
6.047062570057286393e+03 3.524529363770012136e+00 3.108290299214705454e-01
5.950872249593700872e+03 3.524162508940234417e+00 3.056595849821488464e-01
5.818170783263992234e+03 3.523828075933125969e+00 3.006908494199277415e-01
5.670369433328095511e+03 3.523499909932158669e+00 2.958879415727875273e-01
5.568453090677950058e+03 3.523172103686299739e+00 2.910312086834482281e-01
5.513163772788345341e+03 3.522830265347701051e+00 2.860522552843279276e-01
5.463820667255625267e+03 3.522467896960738365e+00 2.810161716358036132e-01
5.346929856163580553e+03 3.522171797155062567e+00 2.764359438916991762e-01
5.195022423686097682e+03 3.521852155635419201e+00 2.718871938376846153e-01
5.116265860413012888e+03 3.521523854707822476e+00 2.672158279904595646e-01
5.020225617807495837e+03 3.521210686699224102e+00 2.627164323524912026e-01
4.924668437260738756e+03 3.520904884574445948e+00 2.582524462641976326e-01
4.767695574949060756e+03 3.520620704888794084e+00 2.541195259142406404e-01
4.733526228856760099e+03 3.520331646579015317e+00 2.497202538854419174e-01
4.647694696030996965e+03 3.520026666686118855e+00 2.454019758433819420e-01
4.544955214396105475e+03 3.519744439909417100e+00 2.413026837106244105e-01
4.536352662135640458e+03 3.519437242994033266e+00 2.368813220882302895e-01
4.547192408761758998e+03 3.519103329672945257e+00 2.323497770685369057e-01
4.489579746110215638e+03 3.518816735719889177e+00 2.281739530657828918e-01
4.388637592478291481e+03 3.518534737093998999e+00 2.241619613645972620e-01
4.335068265983356468e+03 3.518226666868187191e+00 2.199414471264848625e-01
4.360190615878699646e+03 3.517905445928386943e+00 2.154996039641130234e-01
4.278726804237957367e+03 3.517630511678754068e+00 2.115346179414198946e-01
4.167757277598994733e+03 3.517370266218950103e+00 2.077331496500690045e-01
4.123165994433025844e+03 3.517117433916504776e+00 2.038348145041802006e-01
4.148313135358548607e+03 3.516790786971482508e+00 1.994636769011245148e-01
4.037131206355129962e+03 3.516527861051945258e+00 1.957491457803492430e-01
3.962056939357555166e+03 3.516259859458593429e+00 1.919364408313515014e-01
3.997487256609696487e+03 3.515945617751348617e+00 1.876608830389097371e-01
3.990583663275527215e+03 3.515666721924176397e+00 1.836695940671006222e-01
3.951124507791497308e+03 3.515395105897171746e+00 1.797837784767948865e-01
3.951628751327706595e+03 3.515106074246218348e+00 1.757049820854326982e-01
3.890032626664165946e+03 3.514827556517694074e+00 1.718976724711000215e-01
3.801626103482838971e+03 3.514592133447000943e+00 1.683212056371324594e-01
3.819380890728074519e+03 3.514303622508664571e+00 1.642691821887082848e-01
3.782677341231971695e+03 3.514006009237065520e+00 1.603509331583245212e-01
3.812347472440108049e+03 3.513713938522065927e+00 1.562545070392329094e-01
3.733137552851008422e+03 3.513460116798472477e+00 1.526576130818699806e-01
3.701155574272989725e+03 3.513189247778587987e+00 1.488566597420621362e-01
3.646117660995294500e+03 3.512953517129791869e+00 1.453011203146060970e-01
3.627442433622269618e+03 3.512665913580163668e+00 1.414374402337199854e-01
3.615907027910219767e+03 3.512389982628508101e+00 1.376267651493624788e-01
3.527762615152287708e+03 3.512149035686425336e+00 1.342064899953637203e-01
3.502110010251641143e+03 3.511882443324375380e+00 1.305089304121467009e-01
3.520740106906348046e+03 3.511599206021740027e+00 1.266244834904100836e-01
3.475538863205065809e+03 3.511310805644976440e+00 1.229680853995118867e-01
3.479618237978469551e+03 3.511040592044990305e+00 1.191917403964592725e-01
3.424089262161984152e+03 3.510788270700001767e+00 1.157204319839212903e-01
3.332529192468673500e+03 3.510553419189466062e+00 1.124545563913808693e-01
3.361772894683162122e+03 3.510269911520678576e+00 1.086292988688448424e-01
3.338118729741343031e+03 3.509995894371565672e+00 1.050199859650195050e-01
3.314532076644078643e+03 3.509737131021902545e+00 1.014858947380879312e-01
3.300331117391860062e+03 3.509505907818233794e+00 9.805688370258912323e-02
3.282474975170904145e+03 3.509255247203137973e+00 9.457156909503562636e-02
3.229439597484897149e+03 3.509000221238976369e+00 9.119720516937729338e-02
3.225724962741599029e+03 3.508731579879583951e+00 8.763048205716145178e-02
3.199931665147688364e+03 3.508475669558889010e+00 8.421235240278732159e-02
3.154850218212312939e+03 3.508221273604811952e+00 8.087471976418120212e-02
3.132659032979738640e+03 3.507977060329010133e+00 7.753329857753712973e-02
3.084968387744934716e+03 3.507748907682092909e+00 7.438493010952305917e-02
3.084616489107880170e+03 3.507499930780063835e+00 7.101256954725249093e-02
3.089116787495094741e+03 3.507253267437179023e+00 6.765358281513633720e-02
3.132297575203888300e+03 3.506977598883797675e+00 6.406611511491212829e-02
3.081498192873516928e+03 3.506782645804869869e+00 6.114464005311554679e-02
3.065339436488627598e+03 3.506549800103124337e+00 5.797207455866362769e-02
3.059697389177084460e+03 3.506302368502630440e+00 5.476335310050524374e-02
3.014975433426169275e+03 3.506090407900110506e+00 5.187970275247909269e-02
3.007606760024346386e+03 3.505875121898185398e+00 4.895370676373413110e-02
3.010556376003800324e+03 3.505664924243629965e+00 4.613363675305690026e-02
3.020115446423074900e+03 3.505488383321246459e+00 4.370807294088523143e-02
9.274820785963083836e+02 3.506312954204486854e+00 5.368682896243497787e-02
1.159352598245385053e+02 3.506689733765665729e+00 5.836472359138585031e-02
6.356185339999834838e+01 3.506877357093033609e+00 6.071323296778086132e-02
2.082794812211146862e+01 3.506992511418202785e+00 6.215893001626202757e-02
3.524814815072094820e+00 3.507021493362676434e+00 6.252213593221166155e-02
1.786298913182294168e+00 3.507034239934335051e+00 6.268155346309434162e-02
1.124940749952662911e+00 3.507041469022816660e+00 6.277182023683236523e-02
7.844303360770673583e-01 3.507046097441633314e+00 6.282949798462107716e-02
5.801565088979985241e-01 3.507049253592576576e+00 6.286874002187296806e-02
4.456602772706819149e-01 3.507051487901388764e+00 6.289644969521886175e-02
3.513050349726803967e-01 3.507053109469191021e+00 6.291650391148569110e-02
2.820923432084521121e-01 3.507054308028016543e+00 6.293128173534799641e-02
2.295272950515412913e-01 3.507055206964219796e+00 6.294232976612036679e-02
1.886366433934232312e-01 3.507055889632161971e+00 6.295069249666977729e-02
1.561451610608146634e-01 3.507056414268712174e+00 6.295709912288514898e-02
1.300742561496463778e-01 3.507056822419424957e+00 6.296206932636499998e-02
1.088095625988534654e-01 3.507057143847818637e+00 6.296597488988152358e-02
9.133365482405336744e-02 3.507057400283918547e+00 6.296908663611103241e-02
7.687837838726908901e-02 3.507057607559906476e+00 6.297160142585554732e-02
6.485843653505295181e-02 3.507057777316877623e+00 6.297366336282683719e-02
5.481464085244444617e-02 3.507057918081779135e+00 6.297537745834246026e-02
4.639918214993105777e-02 3.507058036149536484e+00 6.297682075324260997e-02
3.932074501441045616e-02 3.507058136166067097e+00 6.297804946750386323e-02
3.335829001108455566e-02 3.507058221581949908e+00 6.297910488125409156e-02
2.833082350021892681e-02 3.507058294996634018e+00 6.298001753683660220e-02
2.408086887718895522e-02 3.507058358371631712e+00 6.298081001098999876e-02
2.048412107418273037e-02 3.507058413228284710e+00 6.298149929728129315e-02
1.743888833193639465e-02 3.507058460761759200e+00 6.298209825660175398e-02
1.485907037847684908e-02 3.507058501949210427e+00 6.298261690846211625e-02
1.267074623045476300e-02 3.507058537591387193e+00 6.298306334994184519e-02
1.081354280333880410e-02 3.507058568421023370e+00 6.298344319172358152e-02
9.236558470794561937e-03 3.507058595012785940e+00 6.298376109086088748e-02
7.897017471526176710e-03 3.507058617883252349e+00 6.298402180180598386e-02
6.758138724438983967e-03 3.507058637520377609e+00 6.298422974618379799e-02
5.789428491797614894e-03 3.507058654412245957e+00 6.298438846237591759e-02
4.964922405051696262e-03 3.507058669012667274e+00 6.298450100772313986e-02
4.262625181882776122e-03 3.507058681752200702e+00 6.298457002057582244e-02
3.663588548496723475e-03 3.507058693049212472e+00 6.298459763156401270e-02
3.154238412471226626e-03 3.507058703289120061e+00 6.298458579501665933e-02
2.719990965721954916e-03 3.507058712878678097e+00 6.298453574965529045e-02
2.348743039568510285e-03 3.507058722160982356e+00 6.298444879029195531e-02
2.032977046463990255e-03 3.507058731536603968e+00 6.298432552503627213e-02
1.761244989587897438e-03 3.507058741356166021e+00 6.298416629641136188e-02
1.528832796478987515e-03 3.507058751982161215e+00 6.298397119182365389e-02
1.331082182681757233e-03 3.507058763820003033e+00 6.298373939793942833e-02
1.161110417616145795e-03 3.507058777155521057e+00 6.298347104979248878e-02
1.016313198247506110e-03 3.507058792427831140e+00 6.298316437558432179e-02
8.910347872681781325e-04 3.507058809996760562e+00 6.298281767317362445e-02
7.845656760609386569e-04 3.507058830319628839e+00 6.298242893226027594e-02
6.930350189436286154e-04 3.507058853979789781e+00 6.298199330717427213e-02
6.146824210290504579e-04 3.507058880937492962e+00 6.298151144222807751e-02
5.477891650821787445e-04 3.507058912058997002e+00 6.298097716214971775e-02
4.901189429839318242e-04 3.507058947773431967e+00 6.298038574293193803e-02
4.411675213479882853e-04 3.507058988781999620e+00 6.297973016927269074e-02
3.994664232636677267e-04 3.507059035729204854e+00 6.297900332451573935e-02
3.643675825443356219e-04 3.507059089530064622e+00 6.297819549653166371e-02
3.350903971165220311e-04 3.507059151144847231e+00 6.297729482080959007e-02
3.111530583278834783e-04 3.507059221853740638e+00 6.297628637087453185e-02
2.922647060660359662e-04 3.507059303193031052e+00 6.297515215420615431e-02
2.783048592334050179e-04 3.507059397207138218e+00 6.297386723950794407e-02
2.694826821986167492e-04 3.507059506596302167e+00 6.297239902336490558e-02
2.664455821359461383e-04 3.507059635042398149e+00 6.297070422805976786e-02
3.602627830070899125e-04 3.507059844152087713e+00 6.296799487852791644e-02
5.934158459478872842e-04 3.507060185769085070e+00 6.296360907849496424e-02
1.476608517789047012e-03 3.507060937362639130e+00 6.295282612064942440e-02
3.276627781694302550e-04 3.507060801545470508e+00 6.295505293348929721e-02
4.718344005639797407e-04 3.507061052082615760e+00 6.295111031484892927e-02
6.637397718640195541e-05 3.507061109301714108e+00 6.295012899081614544e-02
1.651596949124677473e-04 3.507061179726778999e+00 6.294890045953320523e-02
1.712375716852464517e-04 3.507061290644291951e+00 6.294678508245295234e-02
8.876955716163178957e-05 3.507061350881618189e+00 6.294546280384544223e-02
2.208870644764314244e-04 3.507061409946664821e+00 6.294399527140917550e-02
9.542321185381852974e-05 3.507061449006877663e+00 6.294284212526732314e-02
2.374434865200932790e-04 3.507061489396908982e+00 6.294138465407141114e-02
1.025755861766803690e-04 3.507061512679511051e+00 6.294024527705067984e-02
1.063503677479821414e-04 3.507061522711312218e+00 6.293961776242930350e-02
2.646337470746589295e-04 3.507061537090762737e+00 6.293816833687500278e-02
2.743722689670062141e-04 3.507061537851522193e+00 6.293671038551190700e-02
2.844691684649918785e-04 3.507061514748219366e+00 6.293473476843913783e-02
2.949376338645036898e-04 3.507061477637906766e+00 6.293313270125840131e-02
1.274130578294655489e-04 3.507061458959722433e+00 6.293250233874203570e-02
3.170444600582158026e-04 3.507061417421446947e+00 6.293119197858951241e-02
3.287116961883579163e-04 3.507061358450323851e+00 6.292989985954416943e-02
4.492955531884001443e-04 3.507061221481837521e+00 6.292779683369351118e-02
1.612767724573428469e-04 3.507061145892787390e+00 6.292683150772057643e-02
3.344235153675463069e-04 3.507061059303097306e+00 6.292584426309363876e-02
5.501336372595249475e-04 3.507060861297047083e+00 6.292395327750689715e-02
2.700117306133469628e-04 3.507060684732230094e+00 6.292252667544846745e-02
2.799481622999182664e-04 3.507060541347823079e+00 6.292148856372330179e-02
5.805005093451102126e-04 3.507060366439518795e+00 6.292035093782252786e-02
6.601703920402715196e-04 3.507060083686431629e+00 6.291875115213259317e-02
9.470983843602598243e-04 3.507059773574910722e+00 6.291724152502482792e-02
4.366303618888984312e-04 3.507059484335340649e+00 6.291601640110446036e-02
1.086476062095382937e-03 3.507059175772465398e+00 6.291486957895102428e-02
1.001590106064697942e-03 3.507058792545650672e+00 6.291363583518966296e-02
9.884121666478063763e-04 3.507058438878761120e+00 6.291265585647543013e-02
1.322250973651436243e-03 3.507057994666863632e+00 6.291169648954633709e-02
1.285807640950064430e-03 3.507057587937428167e+00 6.291106057957035480e-02
1.844530489758998155e-03 3.507057170334245466e+00 6.291063684218864416e-02
1.692065646480968126e-03 3.507056718594297351e+00 6.291046557932160332e-02
1.667123771771185760e-03 3.507056320585402620e+00 6.291058273767201336e-02
2.230276407172675571e-03 3.507055848825446631e+00 6.291112942107220107e-02
2.170053436581280588e-03 3.507055443838613229e+00 6.291201303400872913e-02
2.934520783896272036e-03 3.507055029134366286e+00 6.291346840360652337e-02
2.836330499772511324e-03 3.507054643309309938e+00 6.291551682716546579e-02
3.369522802923495281e-03 3.507054320546992621e+00 6.291801602819070693e-02
3.728388101752975418e-03 3.507053993658289848e+00 6.292186382683179202e-02
3.651701971253066507e-03 3.507053767959201540e+00 6.292608825870431299e-02
4.944624152805410580e-03 3.507053594181022138e+00 6.293211281310986949e-02
4.773052589872992316e-03 3.507053528450408297e+00 6.293910952132167336e-02
6.838395921282477974e-03 3.507053579661039144e+00 6.294768173275752665e-02
6.274225800772216359e-03 3.507053792203548959e+00 6.295886786925755652e-02
6.191241221620139880e-03 3.507054139309799812e+00 6.297074040250104365e-02
8.297652814061662677e-03 3.507054801262860178e+00 6.298801895168015808e-02
8.099652883999266736e-03 3.507055648069335341e+00 6.300648532192101858e-02
1.097463457017327539e-02 3.507056887440099580e+00 6.303025878696028039e-02
1.064525117309151996e-02 3.507058533309196591e+00 6.305886934286956957e-02
1.267852825525498175e-02 3.507060476497403378e+00 6.309029189355114253e-02
1.407413588371004588e-02 3.507063401177077377e+00 6.313479359387570711e-02
1.382767639482583404e-02 3.507066571703806090e+00 6.318077172881735037e-02
1.876167802130887519e-02 3.507071032299971858e+00 6.324310894991669318e-02
1.816954868339146212e-02 3.507076150712673979e+00 6.331269451782636781e-02
2.456594691875018180e-02 3.507082760174692115e+00 6.340075168734078670e-02
2.378979039114864635e-02 3.507090696178186917e+00 6.350492144673941519e-02
2.830209675291472590e-02 3.507099350284991868e+00 6.361720058676367806e-02
3.139094896755481590e-02 3.507132566287971098e+00 6.377690463262140896e-02
3.083459114538365797e-02 3.507144369361177905e+00 6.393731374806768675e-02
4.184544897657235113e-02 3.507160834060455645e+00 6.414872810988031526e-02
4.053873360967689271e-02 3.507179030593342350e+00 6.437859644624938094e-02
5.483618654535060699e-02 3.507201600181689471e+00 6.466207353138804514e-02
5.309594481879718192e-02 3.507227710576078739e+00 6.498917847915557100e-02
6.318783552165561923e-02 3.507255279318340246e+00 6.533370204579322382e-02
7.012679370635568898e-02 3.507292665687208100e+00 6.580048256994200373e-02
6.891313948708871484e-02 3.507329756568271950e+00 6.626300734559605055e-02
9.223344193169820404e-02 3.507380472891089784e+00 6.689499997061332248e-02
8.995068173442707926e-02 3.507431435159400479e+00 6.752972327793113627e-02
1.218957090733029658e-01 3.507492937841521830e+00 6.829578145627722419e-02
1.183571137843523052e-01 3.507562416120185489e+00 6.916344720361385090e-02
1.693488872733107942e-01 3.507639629678832804e+00 7.012631530138470348e-02
1.552817402914891953e-01 3.507730914999612981e+00 7.126949261092345445e-02
1.533802902580205796e-01 3.507819052435038998e+00 7.237669475620439608e-02
2.057252659217167212e-01 3.507932045842514501e+00 7.383742822577972487e-02
2.009893666646611898e-01 3.508044009341736658e+00 7.525732415786591523e-02
2.721622014051724991e-01 3.508182719921194792e+00 7.702505335174666956e-02
2.626538511028252976e-01 3.508324725785497922e+00 7.883679629033554792e-02
3.764510432563633602e-01 3.508501025084633351e+00 8.084033156159765865e-02
3.460588148486034576e-01 3.508689628612678302e+00 8.321799837954228785e-02
4.106204566287158797e-01 3.508886652145971397e+00 8.565395374317709420e-02
4.546173144449864312e-01 3.509140731022750259e+00 8.891370830937490866e-02
4.459205595058873262e-01 3.509394671135770416e+00 9.216000882274497097e-02
6.047055677148724939e-01 3.509763036986845552e+00 9.647181992739914391e-02
5.851997395567364313e-01 3.510133183748914032e+00 1.012035153599483428e-01
7.909800047140741475e-01 3.510619241921381306e+00 1.071545393849420158e-01
7.651550976386146674e-01 3.511163921993991188e+00 1.141875877473182421e-01
9.107658381290349991e-01 3.511754154231498948e+00 1.217369891992435560e-01
1.009862193945023412e+00 3.512570692274621376e+00 1.321930291893177178e-01
9.913917063457634571e-01 3.513395316893275222e+00 1.426913413793069185e-01
1.344420906428810625e+00 3.514460379970569370e+00 1.563585020427450678e-01
1.302365609235124566e+00 3.515547100207517595e+00 1.709045910367016363e-01
1.867449025547790908e+00 3.516791798790193546e+00 1.872304337831686150e-01
1.714693757750363812e+00 3.518303176445038982e+00 2.066124401674676592e-01
1.691755316062341530e+00 3.519698098144246057e+00 2.252238848109149594e-01
2.266245653679506589e+00 3.521556169819108018e+00 2.495509538354920287e-01
2.211926458144397589e+00 3.523238676567601591e+00 2.725892601668275517e-01
2.994555401155793550e+00 3.525150106381869097e+00 2.987902942629268033e-01
2.895887431590225436e+00 3.527175782254745595e+00 3.263583377575008382e-01
3.438232882933545564e+00 3.529087480326921877e+00 3.527620646119395964e-01
3.800904792894260531e+00 3.531431778388449683e+00 3.851194633432665215e-01
3.711823593485120032e+00 3.533573045056438655e+00 4.139132997674104808e-01
5.030730985075134498e+00 3.535804421341772752e+00 4.455978030639937693e-01
4.857543473048413496e+00 3.538134875320845030e+00 4.780516212910551066e-01
5.766131816122722853e+00 3.540291227467291968e+00 5.083642979305162957e-01
6.361747019870182207e+00 3.542853425522144217e+00 5.445919630564695080e-01
6.204000027108415694e+00 3.545061296001020157e+00 5.761232313563763308e-01
7.414308129431806726e+00 3.547173702663852790e+00 6.059366051104380091e-01
8.228877652843177515e+00 3.549691669388539861e+00 6.416446087357092765e-01
8.033396669325902906e+00 3.551885946570424668e+00 6.728808240959675002e-01
9.566807662002895896e+00 3.553935961420949141e+00 7.022260711215768669e-01
1.063440970130471186e+01 3.556431439859113919e+00 7.374255313496999031e-01
1.047737291525621650e+01 3.558599962139594286e+00 7.683326656709030811e-01
1.038462603130227890e+01 3.560536430582941225e+00 7.964049654557474600e-01
1.393106475479593165e+01 3.562929892824273637e+00 8.306785848198047217e-01
1.348545385916832551e+01 3.565089964761854358e+00 8.613505972013936196e-01
1.329486631321064394e+01 3.566989559769717655e+00 8.888307378869338971e-01
1.764924504428460139e+01 3.569297204415412761e+00 9.222084476292683464e-01
1.683365003444644969e+01 3.571364131346664195e+00 9.516228199477726468e-01
1.633857678470812758e+01 3.573132582399919155e+00 9.776947481733553325e-01
1.614526058975186373e+01 3.574771059102674009e+00 1.001449719890960433e+00
1.609181323968620347e+01 3.576207116185900148e+00 1.023437620880057963e+00
2.132662726834096389e+01 3.578098611481032698e+00 1.050688769339176654e+00
2.021541841870371314e+01 3.579769702565387401e+00 1.074910315217346035e+00
1.948413822708235443e+01 3.581230033988986428e+00 1.096541756928773648e+00
1.898751591476811384e+01 3.582621703433925386e+00 1.116268968180506249e+00
1.865840390383682390e+01 3.583867059805513566e+00 1.134491865681115152e+00
2.666353608716242718e+01 3.585153341374516245e+00 1.153646944582388034e+00
6.634741011640798547e+01 3.587899643453694054e+00 1.193661344371090616e+00
1.650935875408602840e+02 3.593512263521785766e+00 1.277009291060564822e+00
4.108056757496735258e+02 3.603456737786157049e+00 1.423818304693726944e+00
9.045634887853460668e+02 3.617012045190464153e+00 1.625136634658784995e+00
1.726809647419583143e+03 3.630842154274418032e+00 1.833309400183203985e+00
3.327065939961792537e+03 3.644325841362808571e+00 2.042100412275919652e+00
6.807390741943559078e+03 3.660875389793803780e+00 2.308807377695490270e+00
1.052913742198970795e+04 3.658562441931187070e+00 2.302482710351235529e+00
1.298371109595223243e+04 3.641221596112324654e+00 2.012245959448009547e+00
6.659930647915611189e+03 3.641378410228883755e+00 2.008912801770589063e+00
4.994947985936708506e+02 3.641596898816437999e+00 2.012037816508042365e+00
1.049467819453796125e+02 3.641645868317756829e+00 2.012739909211887390e+00
3.600422467431144469e+01 3.641659420920088763e+00 2.012934710626512747e+00
2.212204638044740790e+01 3.641665954705350927e+00 2.013028844274282747e+00
1.795607223439766287e+01 3.641670945433304052e+00 2.013100843752986258e+00
1.642426618055961640e+01 3.641675510721621656e+00 2.013166733178048506e+00
2.694295085278067958e+01 3.641682337051359131e+00 2.013262373300325425e+00
6.704268346599120321e+01 3.641698683211286092e+00 2.013495969505801231e+00
4.986290367097129916e+01 3.641722759128305231e+00 2.013836033413781479e+00
3.765302351270855041e+01 3.641743841610843191e+00 2.014133012367143039e+00
3.193707305437055766e+01 3.641762946952796565e+00 2.014403018315662930e+00
2.919317207243580725e+01 3.641781313782796570e+00 2.014663983726381780e+00
2.735237979560094601e+01 3.641799353971406639e+00 2.014921723207228954e+00
2.679495702870344331e+01 3.641817583379262757e+00 2.015183074653501549e+00
2.665059289228682005e+01 3.641836381998659000e+00 2.015453534810213387e+00
3.598404732562727304e+01 3.641859761001402074e+00 2.015791538572760278e+00
3.434034912216127111e+01 3.641886457517912845e+00 2.016179375212590941e+00
4.036555694883861634e+01 3.641914142534481869e+00 2.016583346449931202e+00
4.389770873228172121e+01 3.641951026160696436e+00 2.017123385757478182e+00
4.208743138770014269e+01 3.641986429744689335e+00 2.017642618690198120e+00
4.141695661211247170e+01 3.642021415449806288e+00 2.018155603591649250e+00
4.115423521281554287e+01 3.642056366745114016e+00 2.018667161954517564e+00
5.558290361830160720e+01 3.642100643130559146e+00 2.019311304215145597e+00
5.288201416599952864e+01 3.642146072267269385e+00 2.019967692464050391e+00
5.142637107958913134e+01 3.642189717192982013e+00 2.020593774079533667e+00
5.062638608086241732e+01 3.642232304154423339e+00 2.021200206247462106e+00
5.038084855634021153e+01 3.642274416603148435e+00 2.021795596751582824e+00
6.681869829885492607e+01 3.642330268282925054e+00 2.022577423260826013e+00
9.299094477678275439e+01 3.642391288176684672e+00 2.023423285559595275e+00
2.313912277069638606e+02 3.642533741563761751e+00 2.025381446167517474e+00
2.776694732483567805e+02 3.642583426540722868e+00 2.026063395346068940e+00
5.757754197277923822e+02 3.642942329554476721e+00 2.031065262471682065e+00
1.432713492417060479e+03 3.644443327060348903e+00 2.051926984675353616e+00
3.565049637451217222e+03 3.648494370859168168e+00 2.114854621987979133e+00
8.870984313862614727e+03 3.656159061921474329e+00 2.232760537442071591e+00
2.207384768787060239e+04 3.662061189800831507e+00 2.333594404354175644e+00
4.998031190659919048e+03 3.656169434455244005e+00 2.236257742015518080e+00
8.996456143187862153e+02 3.655773249995718732e+00 2.229185989129260914e+00
1.439432982910057319e+02 3.655717898918446007e+00 2.228181540374645664e+00
6.774518297920529619e+01 3.655705746562726510e+00 2.227958816223695848e+00
4.844968274192481772e+01 3.655698319618590819e+00 2.227821815042475340e+00
3.950974593184177763e+01 3.655692713444051556e+00 2.227717765409046535e+00
3.484343435488262486e+01 3.655688038430862985e+00 2.227630407959954706e+00
3.365998600404233798e+01 3.655683807405800678e+00 2.227550637968382485e+00
4.794358962309566152e+01 3.655679338872001694e+00 2.227465337376228316e+00
7.838912660711832814e+01 3.655673039405889835e+00 2.227341818374267923e+00
1.950572315190246115e+02 3.655661828247873224e+00 2.227094736669032571e+00
1.315544628933326976e+02 3.655656107487825768e+00 2.226907019371349605e+00
9.971475321854946117e+01 3.655655557887586671e+00 2.226821224118546105e+00
8.573221593669987328e+01 3.655650420565336400e+00 2.226771730789946613e+00
7.617158773829449103e+01 3.655652302184801528e+00 2.226740677216813236e+00
7.157597354688192581e+01 3.655654510402789548e+00 2.226718294816782073e+00
6.973351458959756144e+01 3.655656848192796904e+00 2.226698802958146484e+00
9.395595187635970547e+01 3.655659567533639631e+00 2.226672476988784233e+00
8.932729464361354133e+01 3.655662113125524915e+00 2.226632539140234179e+00
8.662605911570967976e+01 3.655663895077432279e+00 2.226579297189055673e+00
1.158031952879911728e+02 3.655664828719607851e+00 2.226484491970328605e+00
1.089369117041747330e+02 3.655664034197890100e+00 2.226349792662803306e+00
1.270548360942962773e+02 3.655661320616248933e+00 2.226172664935266887e+00
3.161530897501593813e+02 3.655649681615082969e+00 2.225668498270137796e+00
7.866900562871159082e+02 3.655605419159578151e+00 2.223935376609413428e+00
1.957536600860356430e+03 3.655697401029639249e+00 2.222475796560642536e+00
4.870977474652842830e+03 3.657467868776300257e+00 2.246068176346668999e+00
1.212055066972815257e+04 3.662720427655955735e+00 2.325520148132148357e+00
3.015980864249793012e+04 3.667398433157031512e+00 2.406382333292081732e+00
1.397213110656509525e+04 3.661483986453237360e+00 2.317583367937132266e+00
1.047909832992383372e+03 3.659245427211481161e+00 2.282075581867511804e+00
3.143729498977148182e+02 3.659014735063677470e+00 2.278406337131907655e+00
1.439770546448801269e+02 3.658958872300695830e+00 2.277469048936986873e+00
1.083315914890268346e+02 3.658923427688575369e+00 2.276874013676252417e+00
1.000162481138179515e+02 3.658891438308014887e+00 2.276368337962500377e+00
1.427975170534922142e+02 3.658858852753390956e+00 2.275815469899000743e+00
3.553259176345454762e+02 3.658785942678559611e+00 2.274560970860775466e+00
3.653217211295865354e+02 3.658653463842469922e+00 2.272330258656227286e+00
2.547420336153137725e+02 3.658556153789166654e+00 2.270565249257685991e+00
2.112869782534162653e+02 3.658470604876559396e+00 2.268987845305290296e+00
1.917991350425762391e+02 3.658386792038442525e+00 2.267420009558793303e+00
2.210770515648511036e+02 3.658296817994887373e+00 2.265713550390154651e+00
5.501104489498503654e+02 3.658061088199934474e+00 2.261706763809791187e+00
1.368850832330891990e+03 3.657551551932166412e+00 2.251097238030646430e+00
3.406138903105601912e+03 3.657389812461222967e+00 2.242545395398913843e+00
8.475563555375732903e+03 3.661099361111634032e+00 2.296596717657962028e+00
2.108991430611252508e+04 3.666728030973000152e+00 2.391357666369350099e+00
5.247845556618587580e+04 3.662073239447426243e+00 2.324409816097577686e+00
3.935884167463945232e+03 3.658109961453262837e+00 2.262921999420987706e+00
1.416918300287020202e+03 3.657646816131010059e+00 2.255617791357148683e+00
1.020181176206654754e+03 3.657306581919772093e+00 2.249696746468433872e+00
2.538537224378540941e+03 3.656668633023445469e+00 2.236686447210006534e+00
6.316692946165611829e+03 3.657549367727424450e+00 2.244267227244718388e+00
7.858976695901400490e+03 3.662797072843045232e+00 2.328488227793233278e+00
1.358031173051761834e+04 3.664420021608099542e+00 2.356651426298208563e+00
1.689608064264078348e+04 3.663638563176479401e+00 2.346292437605205006e+00
7.299106837620823171e+03 3.662281258633302450e+00 2.325368453415945780e+00
7.567713969245272892e+03 3.661674638722578035e+00 2.314366181754942797e+00
2.270314190773580322e+03 3.661761456924288449e+00 2.314687725739038360e+00
1.634626217356978032e+03 3.661917743869415709e+00 2.316747389025830550e+00
1.176930876497024428e+03 3.662059035671734186e+00 2.318777092517179561e+00
1.016868277293428832e+03 3.662170826767610965e+00 2.320445732436426933e+00
4.392870957907611000e+02 3.662242109208424079e+00 2.321529336314852809e+00
2.635722574744567623e+02 3.662282690544667041e+00 2.322151701492780607e+00
7.762579324926674929e+01 3.662301445171818326e+00 2.322440498728893576e+00
2.543641993191974038e+01 3.662306586690070809e+00 2.322519782460546800e+00
2.744047719914577499e+01 3.662309608456630894e+00 2.322566402941861341e+00
6.828068822417839101e+01 3.662315652775124608e+00 2.322659623492939307e+00
1.699042021219874243e+02 3.662330681281526612e+00 2.322890988245663646e+00
4.227760242241838569e+02 3.662368282837924927e+00 2.323471054214536924e+00
1.052002036597521283e+03 3.662462980407752866e+00 2.324942385036347314e+00
2.617717707706342026e+03 3.662698718719699098e+00 2.328652827761997113e+00
6.513719326439846554e+03 3.663244731525850728e+00 2.337356933941333370e+00
1.620821807436678500e+04 3.664193521424937927e+00 2.352349972251477794e+00
4.033123319880832423e+04 3.665140629834496178e+00 2.367447318023091274e+00
1.003570141932588449e+05 3.665308135445112026e+00 2.370637961894769052e+00
2.497203655573696306e+05 3.664511821613530618e+00 2.358166481253332059e+00
6.213841800237135030e+05 3.663590009376020973e+00 2.342866899796305358e+00
8.496723898063540692e+05 3.663639862166518490e+00 2.340102492598577832e+00
7.554805011123943841e+05 3.664284071907048190e+00 2.346543849012193039e+00
8.062318426972068846e+05 3.664869345006691148e+00 2.351777555909032813e+00
7.084920629363829503e+05 3.665352635083356070e+00 2.356114438091827079e+00
7.568484271353054792e+05 3.665816320836824183e+00 2.359836153150620675e+00
6.750264618474296294e+05 3.666200355802210709e+00 2.362935833633081018e+00
6.538776618105685338e+05 3.666517592092855438e+00 2.365194058446525638e+00
7.048125657456428744e+05 3.666796474697687991e+00 2.366585402258842397e+00
8.154622037781541003e+05 3.667013641361823506e+00 2.367092487855704697e+00
6.331319205602760194e+05 3.667091622857271194e+00 2.365921400699072752e+00
6.993763968470008112e+05 3.667002642715471161e+00 2.362028611719202864e+00
7.640043166343881749e+05 3.666691363210394794e+00 2.355136266967482683e+00
8.471263941028405679e+05 3.666143965301876140e+00 2.344346766686786321e+00
6.611435647701406851e+05 3.664892358553842211e+00 2.323335675065719919e+00
5.332337867339125369e+05 3.663203489333648921e+00 2.296636174114756290e+00
5.426396738264505984e+05 3.661170099786877241e+00 2.264518920071761254e+00
4.252137493482375867e+05 3.658580822073227878e+00 2.224800616456526825e+00
4.140334008638019441e+05 3.654620555349807010e+00 2.163606223030422271e+00
3.651331636973663699e+05 3.648768531770661294e+00 2.074622324344728153e+00
2.345628379753333575e+05 3.640757386651052308e+00 1.952201326665100378e+00
1.000929633972286247e+05 3.646363843957672657e+00 2.035757897387840742e+00
1.926109757011813635e+05 3.648838357300163704e+00 2.073025830098610189e+00
4.792777430567631964e+05 3.648836326722783685e+00 2.071265253709726917e+00
1.192596393603004050e+06 3.645770131891335364e+00 2.021717976557206420e+00
1.234349258966705063e+06 3.642607522990678248e+00 1.969801288495166780e+00
6.325559684206539532e+05 3.640610319295096708e+00 1.936471569324727415e+00
4.322747780666163890e+05 3.639339945986168612e+00 1.915856878761103221e+00
4.216427471540791448e+05 3.638200729115225407e+00 1.897824819648866512e+00
1.049182080598437460e+06 3.635145975105902760e+00 1.850213250029982381e+00
1.685333097235232359e+06 3.624183836756862398e+00 1.685000070988911469e+00
7.365386935190027580e+05 3.599684922073957072e+00 1.327117340825481273e+00
1.477893987202260760e+05 3.581698730087435223e+00 1.065686499041787139e+00
6.384502024713764695e+04 3.571648101986996338e+00 9.197084970183903030e-01
5.246310963627191813e+04 3.563276773482517257e+00 7.999870371184428786e-01
2.491646473357427021e+04 3.557013394698370412e+00 7.109623446436679206e-01
1.971875717514721327e+04 3.551805434552495644e+00 6.366906227251638573e-01
1.902969707324488263e+04 3.547440275618231720e+00 5.744179080903252244e-01
4.901189429839318242e-04 3.507058947773431967e+00 6.298038574293193803e-02
4.411675213479882853e-04 3.507058988781999620e+00 6.297973016927269074e-02
3.994664232636677267e-04 3.507059035729204854e+00 6.297900332451573935e-02
3.643675825443356219e-04 3.507059089530064622e+00 6.297819549653166371e-02
3.350903971165220311e-04 3.507059151144847231e+00 6.297729482080959007e-02
3.111530583278834783e-04 3.507059221853740638e+00 6.297628637087453185e-02
2.922647060660359662e-04 3.507059303193031052e+00 6.297515215420615431e-02
2.783048592334050179e-04 3.507059397207138218e+00 6.297386723950794407e-02
2.694826821986167492e-04 3.507059506596302167e+00 6.297239902336490558e-02
2.664455821359461383e-04 3.507059635042398149e+00 6.297070422805976786e-02
3.602627830070899125e-04 3.507059844152087713e+00 6.296799487852791644e-02
5.934158459478872842e-04 3.507060185769085070e+00 6.296360907849496424e-02
1.476608517789047012e-03 3.507060937362639130e+00 6.295282612064942440e-02
3.276627781694302550e-04 3.507060801545470508e+00 6.295505293348929721e-02
4.718344005639797407e-04 3.507061052082615760e+00 6.295111031484892927e-02
6.637397718640195541e-05 3.507061109301714108e+00 6.295012899081614544e-02
1.651596949124677473e-04 3.507061179726778999e+00 6.294890045953320523e-02
1.712375716852464517e-04 3.507061290644291951e+00 6.294678508245295234e-02
8.876955716163178957e-05 3.507061350881618189e+00 6.294546280384544223e-02
2.208870644764314244e-04 3.507061409946664821e+00 6.294399527140917550e-02
9.542321185381852974e-05 3.507061449006877663e+00 6.294284212526732314e-02
2.374434865200932790e-04 3.507061489396908982e+00 6.294138465407141114e-02
1.025755861766803690e-04 3.507061512679511051e+00 6.294024527705067984e-02
1.063503677479821414e-04 3.507061522711312218e+00 6.293961776242930350e-02
2.646337470746589295e-04 3.507061537090762737e+00 6.293816833687500278e-02
2.743722689670062141e-04 3.507061537851522193e+00 6.293671038551190700e-02
2.844691684649918785e-04 3.507061514748219366e+00 6.293473476843913783e-02
2.949376338645036898e-04 3.507061477637906766e+00 6.293313270125840131e-02
1.274130578294655489e-04 3.507061458959722433e+00 6.293250233874203570e-02
3.170444600582158026e-04 3.507061417421446947e+00 6.293119197858951241e-02
3.287116961883579163e-04 3.507061358450323851e+00 6.292989985954416943e-02
4.492955531884001443e-04 3.507061221481837521e+00 6.292779683369351118e-02
1.612767724573428469e-04 3.507061145892787390e+00 6.292683150772057643e-02
3.344235153675463069e-04 3.507061059303097306e+00 6.292584426309363876e-02
5.501336372595249475e-04 3.507060861297047083e+00 6.292395327750689715e-02
2.700117306133469628e-04 3.507060684732230094e+00 6.292252667544846745e-02
2.799481622999182664e-04 3.507060541347823079e+00 6.292148856372330179e-02
5.805005093451102126e-04 3.507060366439518795e+00 6.292035093782252786e-02
6.601703920402715196e-04 3.507060083686431629e+00 6.291875115213259317e-02
9.470983843602598243e-04 3.507059773574910722e+00 6.291724152502482792e-02
4.366303618888984312e-04 3.507059484335340649e+00 6.291601640110446036e-02
1.086476062095382937e-03 3.507059175772465398e+00 6.291486957895102428e-02
1.001590106064697942e-03 3.507058792545650672e+00 6.291363583518966296e-02
9.884121666478063763e-04 3.507058438878761120e+00 6.291265585647543013e-02
1.322250973651436243e-03 3.507057994666863632e+00 6.291169648954633709e-02
1.285807640950064430e-03 3.507057587937428167e+00 6.291106057957035480e-02
1.844530489758998155e-03 3.507057170334245466e+00 6.291063684218864416e-02
1.692065646480968126e-03 3.507056718594297351e+00 6.291046557932160332e-02
1.667123771771185760e-03 3.507056320585402620e+00 6.291058273767201336e-02
2.230276407172675571e-03 3.507055848825446631e+00 6.291112942107220107e-02
2.170053436581280588e-03 3.507055443838613229e+00 6.291201303400872913e-02
2.934520783896272036e-03 3.507055029134366286e+00 6.291346840360652337e-02
2.836330499772511324e-03 3.507054643309309938e+00 6.291551682716546579e-02
3.369522802923495281e-03 3.507054320546992621e+00 6.291801602819070693e-02
3.728388101752975418e-03 3.507053993658289848e+00 6.292186382683179202e-02
3.651701971253066507e-03 3.507053767959201540e+00 6.292608825870431299e-02
4.944624152805410580e-03 3.507053594181022138e+00 6.293211281310986949e-02
4.773052589872992316e-03 3.507053528450408297e+00 6.293910952132167336e-02
6.838395921282477974e-03 3.507053579661039144e+00 6.294768173275752665e-02
6.274225800772216359e-03 3.507053792203548959e+00 6.295886786925755652e-02
6.191241221620139880e-03 3.507054139309799812e+00 6.297074040250104365e-02
8.297652814061662677e-03 3.507054801262860178e+00 6.298801895168015808e-02
8.099652883999266736e-03 3.507055648069335341e+00 6.300648532192101858e-02
1.097463457017327539e-02 3.507056887440099580e+00 6.303025878696028039e-02
1.064525117309151996e-02 3.507058533309196591e+00 6.305886934286956957e-02
1.267852825525498175e-02 3.507060476497403378e+00 6.309029189355114253e-02
1.407413588371004588e-02 3.507063401177077377e+00 6.313479359387570711e-02
1.382767639482583404e-02 3.507066571703806090e+00 6.318077172881735037e-02
1.876167802130887519e-02 3.507071032299971858e+00 6.324310894991669318e-02
1.816954868339146212e-02 3.507076150712673979e+00 6.331269451782636781e-02
2.456594691875018180e-02 3.507082760174692115e+00 6.340075168734078670e-02
2.378979039114864635e-02 3.507090696178186917e+00 6.350492144673941519e-02
2.830209675291472590e-02 3.507099350284991868e+00 6.361720058676367806e-02
3.139094896755481590e-02 3.507132566287971098e+00 6.377690463262140896e-02
3.083459114538365797e-02 3.507144369361177905e+00 6.393731374806768675e-02
4.184544897657235113e-02 3.507160834060455645e+00 6.414872810988031526e-02
4.053873360967689271e-02 3.507179030593342350e+00 6.437859644624938094e-02
5.483618654535060699e-02 3.507201600181689471e+00 6.466207353138804514e-02
5.309594481879718192e-02 3.507227710576078739e+00 6.498917847915557100e-02
6.318783552165561923e-02 3.507255279318340246e+00 6.533370204579322382e-02
7.012679370635568898e-02 3.507292665687208100e+00 6.580048256994200373e-02
6.891313948708871484e-02 3.507329756568271950e+00 6.626300734559605055e-02
9.223344193169820404e-02 3.507380472891089784e+00 6.689499997061332248e-02
8.995068173442707926e-02 3.507431435159400479e+00 6.752972327793113627e-02
1.218957090733029658e-01 3.507492937841521830e+00 6.829578145627722419e-02
1.183571137843523052e-01 3.507562416120185489e+00 6.916344720361385090e-02
1.693488872733107942e-01 3.507639629678832804e+00 7.012631530138470348e-02
1.552817402914891953e-01 3.507730914999612981e+00 7.126949261092345445e-02
1.533802902580205796e-01 3.507819052435038998e+00 7.237669475620439608e-02
2.057252659217167212e-01 3.507932045842514501e+00 7.383742822577972487e-02
2.009893666646611898e-01 3.508044009341736658e+00 7.525732415786591523e-02
2.721622014051724991e-01 3.508182719921194792e+00 7.702505335174666956e-02
2.626538511028252976e-01 3.508324725785497922e+00 7.883679629033554792e-02
3.764510432563633602e-01 3.508501025084633351e+00 8.084033156159765865e-02
3.460588148486034576e-01 3.508689628612678302e+00 8.321799837954228785e-02
4.106204566287158797e-01 3.508886652145971397e+00 8.565395374317709420e-02
4.546173144449864312e-01 3.509140731022750259e+00 8.891370830937490866e-02
4.459205595058873262e-01 3.509394671135770416e+00 9.216000882274497097e-02
6.047055677148724939e-01 3.509763036986845552e+00 9.647181992739914391e-02
5.851997395567364313e-01 3.510133183748914032e+00 1.012035153599483428e-01
7.909800047140741475e-01 3.510619241921381306e+00 1.071545393849420158e-01
7.651550976386146674e-01 3.511163921993991188e+00 1.141875877473182421e-01
9.107658381290349991e-01 3.511754154231498948e+00 1.217369891992435560e-01
1.009862193945023412e+00 3.512570692274621376e+00 1.321930291893177178e-01
9.913917063457634571e-01 3.513395316893275222e+00 1.426913413793069185e-01
1.344420906428810625e+00 3.514460379970569370e+00 1.563585020427450678e-01
1.302365609235124566e+00 3.515547100207517595e+00 1.709045910367016363e-01
1.867449025547790908e+00 3.516791798790193546e+00 1.872304337831686150e-01
1.714693757750363812e+00 3.518303176445038982e+00 2.066124401674676592e-01
1.691755316062341530e+00 3.519698098144246057e+00 2.252238848109149594e-01
2.266245653679506589e+00 3.521556169819108018e+00 2.495509538354920287e-01
2.211926458144397589e+00 3.523238676567601591e+00 2.725892601668275517e-01
2.994555401155793550e+00 3.525150106381869097e+00 2.987902942629268033e-01
2.895887431590225436e+00 3.527175782254745595e+00 3.263583377575008382e-01
3.438232882933545564e+00 3.529087480326921877e+00 3.527620646119395964e-01
3.800904792894260531e+00 3.531431778388449683e+00 3.851194633432665215e-01
3.711823593485120032e+00 3.533573045056438655e+00 4.139132997674104808e-01
5.030730985075134498e+00 3.535804421341772752e+00 4.455978030639937693e-01
4.857543473048413496e+00 3.538134875320845030e+00 4.780516212910551066e-01
5.766131816122722853e+00 3.540291227467291968e+00 5.083642979305162957e-01
6.361747019870182207e+00 3.542853425522144217e+00 5.445919630564695080e-01
6.204000027108415694e+00 3.545061296001020157e+00 5.761232313563763308e-01
7.414308129431806726e+00 3.547173702663852790e+00 6.059366051104380091e-01
8.228877652843177515e+00 3.549691669388539861e+00 6.416446087357092765e-01
8.033396669325902906e+00 3.551885946570424668e+00 6.728808240959675002e-01
9.566807662002895896e+00 3.553935961420949141e+00 7.022260711215768669e-01
1.063440970130471186e+01 3.556431439859113919e+00 7.374255313496999031e-01
1.047737291525621650e+01 3.558599962139594286e+00 7.683326656709030811e-01
1.038462603130227890e+01 3.560536430582941225e+00 7.964049654557474600e-01
1.393106475479593165e+01 3.562929892824273637e+00 8.306785848198047217e-01
1.348545385916832551e+01 3.565089964761854358e+00 8.613505972013936196e-01
1.329486631321064394e+01 3.566989559769717655e+00 8.888307378869338971e-01
1.764924504428460139e+01 3.569297204415412761e+00 9.222084476292683464e-01
1.683365003444644969e+01 3.571364131346664195e+00 9.516228199477726468e-01
1.633857678470812758e+01 3.573132582399919155e+00 9.776947481733553325e-01
1.614526058975186373e+01 3.574771059102674009e+00 1.001449719890960433e+00
1.609181323968620347e+01 3.576207116185900148e+00 1.023437620880057963e+00
2.132662726834096389e+01 3.578098611481032698e+00 1.050688769339176654e+00
2.021541841870371314e+01 3.579769702565387401e+00 1.074910315217346035e+00
1.948413822708235443e+01 3.581230033988986428e+00 1.096541756928773648e+00
1.898751591476811384e+01 3.582621703433925386e+00 1.116268968180506249e+00
1.865840390383682390e+01 3.583867059805513566e+00 1.134491865681115152e+00
2.666353608716242718e+01 3.585153341374516245e+00 1.153646944582388034e+00
6.634741011640798547e+01 3.587899643453694054e+00 1.193661344371090616e+00
1.650935875408602840e+02 3.593512263521785766e+00 1.277009291060564822e+00
4.108056757496735258e+02 3.603456737786157049e+00 1.423818304693726944e+00
9.045634887853460668e+02 3.617012045190464153e+00 1.625136634658784995e+00
1.726809647419583143e+03 3.630842154274418032e+00 1.833309400183203985e+00
3.327065939961792537e+03 3.644325841362808571e+00 2.042100412275919652e+00
6.807390741943559078e+03 3.660875389793803780e+00 2.308807377695490270e+00
1.052913742198970795e+04 3.658562441931187070e+00 2.302482710351235529e+00
1.298371109595223243e+04 3.641221596112324654e+00 2.012245959448009547e+00
6.659930647915611189e+03 3.641378410228883755e+00 2.008912801770589063e+00
4.994947985936708506e+02 3.641596898816437999e+00 2.012037816508042365e+00
1.049467819453796125e+02 3.641645868317756829e+00 2.012739909211887390e+00
3.600422467431144469e+01 3.641659420920088763e+00 2.012934710626512747e+00
2.212204638044740790e+01 3.641665954705350927e+00 2.013028844274282747e+00
1.795607223439766287e+01 3.641670945433304052e+00 2.013100843752986258e+00
1.642426618055961640e+01 3.641675510721621656e+00 2.013166733178048506e+00
2.694295085278067958e+01 3.641682337051359131e+00 2.013262373300325425e+00
6.704268346599120321e+01 3.641698683211286092e+00 2.013495969505801231e+00
4.986290367097129916e+01 3.641722759128305231e+00 2.013836033413781479e+00
3.765302351270855041e+01 3.641743841610843191e+00 2.014133012367143039e+00
3.193707305437055766e+01 3.641762946952796565e+00 2.014403018315662930e+00
2.919317207243580725e+01 3.641781313782796570e+00 2.014663983726381780e+00
2.735237979560094601e+01 3.641799353971406639e+00 2.014921723207228954e+00
2.679495702870344331e+01 3.641817583379262757e+00 2.015183074653501549e+00
2.665059289228682005e+01 3.641836381998659000e+00 2.015453534810213387e+00
3.598404732562727304e+01 3.641859761001402074e+00 2.015791538572760278e+00
3.434034912216127111e+01 3.641886457517912845e+00 2.016179375212590941e+00
4.036555694883861634e+01 3.641914142534481869e+00 2.016583346449931202e+00
4.389770873228172121e+01 3.641951026160696436e+00 2.017123385757478182e+00
4.208743138770014269e+01 3.641986429744689335e+00 2.017642618690198120e+00
4.141695661211247170e+01 3.642021415449806288e+00 2.018155603591649250e+00
4.115423521281554287e+01 3.642056366745114016e+00 2.018667161954517564e+00
5.558290361830160720e+01 3.642100643130559146e+00 2.019311304215145597e+00
5.288201416599952864e+01 3.642146072267269385e+00 2.019967692464050391e+00
5.142637107958913134e+01 3.642189717192982013e+00 2.020593774079533667e+00
5.062638608086241732e+01 3.642232304154423339e+00 2.021200206247462106e+00
5.038084855634021153e+01 3.642274416603148435e+00 2.021795596751582824e+00
6.681869829885492607e+01 3.642330268282925054e+00 2.022577423260826013e+00
9.299094477678275439e+01 3.642391288176684672e+00 2.023423285559595275e+00
2.313912277069638606e+02 3.642533741563761751e+00 2.025381446167517474e+00
2.776694732483567805e+02 3.642583426540722868e+00 2.026063395346068940e+00
5.757754197277923822e+02 3.642942329554476721e+00 2.031065262471682065e+00
1.432713492417060479e+03 3.644443327060348903e+00 2.051926984675353616e+00
3.565049637451217222e+03 3.648494370859168168e+00 2.114854621987979133e+00
8.870984313862614727e+03 3.656159061921474329e+00 2.232760537442071591e+00
2.207384768787060239e+04 3.662061189800831507e+00 2.333594404354175644e+00
4.998031190659919048e+03 3.656169434455244005e+00 2.236257742015518080e+00
8.996456143187862153e+02 3.655773249995718732e+00 2.229185989129260914e+00
1.439432982910057319e+02 3.655717898918446007e+00 2.228181540374645664e+00
6.774518297920529619e+01 3.655705746562726510e+00 2.227958816223695848e+00
4.844968274192481772e+01 3.655698319618590819e+00 2.227821815042475340e+00
3.950974593184177763e+01 3.655692713444051556e+00 2.227717765409046535e+00
3.484343435488262486e+01 3.655688038430862985e+00 2.227630407959954706e+00
3.365998600404233798e+01 3.655683807405800678e+00 2.227550637968382485e+00
4.794358962309566152e+01 3.655679338872001694e+00 2.227465337376228316e+00
7.838912660711832814e+01 3.655673039405889835e+00 2.227341818374267923e+00
1.950572315190246115e+02 3.655661828247873224e+00 2.227094736669032571e+00
1.315544628933326976e+02 3.655656107487825768e+00 2.226907019371349605e+00
9.971475321854946117e+01 3.655655557887586671e+00 2.226821224118546105e+00
8.573221593669987328e+01 3.655650420565336400e+00 2.226771730789946613e+00
7.617158773829449103e+01 3.655652302184801528e+00 2.226740677216813236e+00
7.157597354688192581e+01 3.655654510402789548e+00 2.226718294816782073e+00
6.973351458959756144e+01 3.655656848192796904e+00 2.226698802958146484e+00
9.395595187635970547e+01 3.655659567533639631e+00 2.226672476988784233e+00
8.932729464361354133e+01 3.655662113125524915e+00 2.226632539140234179e+00
8.662605911570967976e+01 3.655663895077432279e+00 2.226579297189055673e+00
1.158031952879911728e+02 3.655664828719607851e+00 2.226484491970328605e+00
1.089369117041747330e+02 3.655664034197890100e+00 2.226349792662803306e+00
1.270548360942962773e+02 3.655661320616248933e+00 2.226172664935266887e+00
3.161530897501593813e+02 3.655649681615082969e+00 2.225668498270137796e+00
7.866900562871159082e+02 3.655605419159578151e+00 2.223935376609413428e+00
1.957536600860356430e+03 3.655697401029639249e+00 2.222475796560642536e+00
4.870977474652842830e+03 3.657467868776300257e+00 2.246068176346668999e+00
1.212055066972815257e+04 3.662720427655955735e+00 2.325520148132148357e+00
3.015980864249793012e+04 3.667398433157031512e+00 2.406382333292081732e+00
1.397213110656509525e+04 3.661483986453237360e+00 2.317583367937132266e+00
1.047909832992383372e+03 3.659245427211481161e+00 2.282075581867511804e+00
3.143729498977148182e+02 3.659014735063677470e+00 2.278406337131907655e+00
1.439770546448801269e+02 3.658958872300695830e+00 2.277469048936986873e+00
1.083315914890268346e+02 3.658923427688575369e+00 2.276874013676252417e+00
1.000162481138179515e+02 3.658891438308014887e+00 2.276368337962500377e+00
1.427975170534922142e+02 3.658858852753390956e+00 2.275815469899000743e+00
3.553259176345454762e+02 3.658785942678559611e+00 2.274560970860775466e+00
3.653217211295865354e+02 3.658653463842469922e+00 2.272330258656227286e+00
2.547420336153137725e+02 3.658556153789166654e+00 2.270565249257685991e+00
2.112869782534162653e+02 3.658470604876559396e+00 2.268987845305290296e+00
1.917991350425762391e+02 3.658386792038442525e+00 2.267420009558793303e+00
2.210770515648511036e+02 3.658296817994887373e+00 2.265713550390154651e+00
5.501104489498503654e+02 3.658061088199934474e+00 2.261706763809791187e+00
1.368850832330891990e+03 3.657551551932166412e+00 2.251097238030646430e+00
3.406138903105601912e+03 3.657389812461222967e+00 2.242545395398913843e+00
8.475563555375732903e+03 3.661099361111634032e+00 2.296596717657962028e+00
2.108991430611252508e+04 3.666728030973000152e+00 2.391357666369350099e+00
5.247845556618587580e+04 3.662073239447426243e+00 2.324409816097577686e+00
3.935884167463945232e+03 3.658109961453262837e+00 2.262921999420987706e+00
1.416918300287020202e+03 3.657646816131010059e+00 2.255617791357148683e+00
1.020181176206654754e+03 3.657306581919772093e+00 2.249696746468433872e+00
2.538537224378540941e+03 3.656668633023445469e+00 2.236686447210006534e+00
6.316692946165611829e+03 3.657549367727424450e+00 2.244267227244718388e+00
7.858976695901400490e+03 3.662797072843045232e+00 2.328488227793233278e+00
1.358031173051761834e+04 3.664420021608099542e+00 2.356651426298208563e+00
1.689608064264078348e+04 3.663638563176479401e+00 2.346292437605205006e+00
7.299106837620823171e+03 3.662281258633302450e+00 2.325368453415945780e+00
7.567713969245272892e+03 3.661674638722578035e+00 2.314366181754942797e+00
2.270314190773580322e+03 3.661761456924288449e+00 2.314687725739038360e+00
1.634626217356978032e+03 3.661917743869415709e+00 2.316747389025830550e+00
1.176930876497024428e+03 3.662059035671734186e+00 2.318777092517179561e+00
1.016868277293428832e+03 3.662170826767610965e+00 2.320445732436426933e+00
4.392870957907611000e+02 3.662242109208424079e+00 2.321529336314852809e+00
2.635722574744567623e+02 3.662282690544667041e+00 2.322151701492780607e+00
7.762579324926674929e+01 3.662301445171818326e+00 2.322440498728893576e+00
2.543641993191974038e+01 3.662306586690070809e+00 2.322519782460546800e+00
2.744047719914577499e+01 3.662309608456630894e+00 2.322566402941861341e+00
6.828068822417839101e+01 3.662315652775124608e+00 2.322659623492939307e+00
1.699042021219874243e+02 3.662330681281526612e+00 2.322890988245663646e+00
4.227760242241838569e+02 3.662368282837924927e+00 2.323471054214536924e+00
1.052002036597521283e+03 3.662462980407752866e+00 2.324942385036347314e+00
2.617717707706342026e+03 3.662698718719699098e+00 2.328652827761997113e+00
6.513719326439846554e+03 3.663244731525850728e+00 2.337356933941333370e+00
1.620821807436678500e+04 3.664193521424937927e+00 2.352349972251477794e+00
4.033123319880832423e+04 3.665140629834496178e+00 2.367447318023091274e+00
1.003570141932588449e+05 3.665308135445112026e+00 2.370637961894769052e+00
2.497203655573696306e+05 3.664511821613530618e+00 2.358166481253332059e+00
6.213841800237135030e+05 3.663590009376020973e+00 2.342866899796305358e+00
8.496723898063540692e+05 3.663639862166518490e+00 2.340102492598577832e+00
7.554805011123943841e+05 3.664284071907048190e+00 2.346543849012193039e+00
8.062318426972068846e+05 3.664869345006691148e+00 2.351777555909032813e+00
7.084920629363829503e+05 3.665352635083356070e+00 2.356114438091827079e+00
7.568484271353054792e+05 3.665816320836824183e+00 2.359836153150620675e+00
6.750264618474296294e+05 3.666200355802210709e+00 2.362935833633081018e+00
6.538776618105685338e+05 3.666517592092855438e+00 2.365194058446525638e+00
7.048125657456428744e+05 3.666796474697687991e+00 2.366585402258842397e+00
8.154622037781541003e+05 3.667013641361823506e+00 2.367092487855704697e+00
6.331319205602760194e+05 3.667091622857271194e+00 2.365921400699072752e+00
6.993763968470008112e+05 3.667002642715471161e+00 2.362028611719202864e+00
7.640043166343881749e+05 3.666691363210394794e+00 2.355136266967482683e+00
8.471263941028405679e+05 3.666143965301876140e+00 2.344346766686786321e+00
6.611435647701406851e+05 3.664892358553842211e+00 2.323335675065719919e+00
5.332337867339125369e+05 3.663203489333648921e+00 2.296636174114756290e+00
5.426396738264505984e+05 3.661170099786877241e+00 2.264518920071761254e+00
4.252137493482375867e+05 3.658580822073227878e+00 2.224800616456526825e+00
4.140334008638019441e+05 3.654620555349807010e+00 2.163606223030422271e+00
3.651331636973663699e+05 3.648768531770661294e+00 2.074622324344728153e+00
2.345628379753333575e+05 3.640757386651052308e+00 1.952201326665100378e+00
1.427142870796637144e+05 3.644458650398145760e+00 2.007762147482328174e+00
