# # dt (years), log_Teff/K, log_g/(cm/s^2)
5.790841012287780643e+07 3.763597873434411767e+00 3.922255795639467024e+00
2.585676322439249232e+07 3.750324171107665805e+00 3.876897827569636412e+00
2.207517383431543410e+07 3.746949368702727767e+00 3.869335344446686697e+00
1.388223680558461137e+07 3.730239939692779227e+00 3.839123703884678829e+00
1.619971761367260478e+07 3.712557908478319124e+00 3.786915445382639245e+00
1.256835907946355641e+07 3.702377437661906967e+00 3.713631293886552331e+00
6.515437346793909557e+06 3.698334220614262424e+00 3.656833677224041068e+00
5.629337867629935965e+06 3.695935336017901029e+00 3.605285922039209279e+00
5.836497501158719882e+06 3.694232663624750668e+00 3.556921604664627701e+00
6.051280609201363288e+06 3.692749094765917395e+00 3.503879127003335370e+00
6.273967735619964078e+06 3.691513073797839883e+00 3.453172315792222058e+00
3.252424874145390000e+06 3.690544478252117511e+00 3.412241715796033859e+00
2.810095091261616442e+06 3.689650422615139203e+00 3.375020574004308216e+00
2.913506590620045085e+06 3.688590616558780955e+00 3.333088025960621259e+00
3.020723633154863957e+06 3.687589913793628771e+00 3.293515789845424369e+00
3.131886262854957953e+06 3.686539110008746345e+00 3.255211573189499497e+00
1.623569838664010633e+06 3.685749857056213497e+00 3.226477505529615986e+00
1.683317208726846846e+06 3.684833444854763496e+00 3.194512383655222276e+00
1.454386068339995341e+06 3.683931471092025234e+00 3.165174610490520735e+00
1.507907475654907757e+06 3.682935909697987231e+00 3.132872074939088591e+00
1.563398470759005751e+06 3.681953593301568350e+00 3.102445445085624254e+00
1.620931534482938005e+06 3.680843677490384547e+00 3.068995069080504567e+00
1.680581814951910637e+06 3.679758683813326936e+00 3.037404438522211869e+00
1.742427225742138224e+06 3.678751308808915876e+00 3.008409362997106484e+00
9.032742738247247180e+05 3.677869243814872124e+00 2.983598828961382843e+00
9.365147671014749212e+05 3.676809442347494628e+00 2.954916854261642190e+00
8.091487587756741559e+05 3.675916496155164026e+00 2.930531865502265632e+00
8.389254330986193381e+05 3.674801622480438290e+00 2.902055123185740992e+00
8.697978890366489068e+05 3.673807292782748757e+00 2.876101338819683662e+00
9.018064513531960547e+05 3.672683324146205130e+00 2.847889481612562168e+00
9.349929287629940081e+05 3.671622346606806531e+00 2.821522985733321498e+00
9.694006685414726380e+05 3.670473765457593629e+00 2.793290259880993442e+00
1.005074613143799244e+06 3.669364093524298820e+00 2.766830476673883599e+00
5.210306794537446112e+05 3.668502249854129538e+00 2.746450455050818640e+00
5.402046084576426074e+05 3.667446181607843858e+00 2.721234153155887903e+00
4.667367817074031336e+05 3.666551422485166523e+00 2.700674381791903667e+00
4.839126952742357389e+05 3.665540995016189019e+00 2.676944098375429792e+00
5.017206824603278656e+05 3.664561597746309740e+00 2.655435926037756911e+00
5.201840035748670343e+05 3.663572877914005321e+00 2.632609421026415486e+00
5.393267749064223608e+05 3.662606352334160320e+00 2.611334854803141869e+00
5.591740002229789970e+05 3.661587717134537900e+00 2.589111128240612292e+00
5.797516034311836120e+05 3.660680347074446228e+00 2.569372520305585716e+00
3.005432312187256757e+05 3.660071871190425430e+00 2.555754700206609442e+00
3.116032221275749034e+05 3.659301236800377666e+00 2.539157477342057323e+00
3.230702207018698100e+05 3.658521509474188083e+00 2.522662464777154945e+00
2.791326706864154548e+05 3.658059462658306504e+00 2.512175870057583360e+00
2.894047529676756239e+05 3.657583106029104414e+00 2.501397784383504241e+00
3.000548478768856148e+05 3.657263885989855190e+00 2.494235211023283050e+00
3.110968662787551293e+05 3.657184637495193957e+00 2.491589038181702076e+00
3.225452309578134445e+05 3.657431104867804983e+00 2.495432998196524199e+00
4.086288209431053838e+05 3.658257056545050290e+00 2.510577953238429139e+00
2.541998169322872127e+05 3.659841822883789675e+00 2.540381827602432363e+00
5.271087403907900443e+05 3.659735591231283447e+00 2.536885357568545718e+00
5.465063420371712418e+05 3.658239175279742295e+00 2.504516146343808369e+00
5.666177754241394578e+05 3.656573835772842784e+00 2.469873670970566870e+00
5.874693095597467618e+05 3.655009974334614054e+00 2.437711936944472857e+00
6.090881801515457919e+05 3.653370484448464683e+00 2.403885653887454676e+00
6.315026251811229158e+05 3.651794814337110395e+00 2.372310721713327020e+00
3.273709608938941965e+05 3.651533439735257680e+00 2.366141023451241665e+00
1.697091061273947998e+05 3.650562996507110913e+00 2.347608779686789493e+00
4.222905629589186865e+05 3.648929329059794391e+00 2.315217416144617957e+00
4.378308556758070481e+05 3.647462143292000469e+00 2.286364708997066231e+00
4.539430311646760092e+05 3.646042588191993339e+00 2.259165013777595821e+00
2.353240673557681148e+05 3.645859375535034363e+00 2.255401011361230168e+00
2.439839930344604654e+05 3.644637487912524065e+00 2.231376478890867876e+00
3.079709217606361490e+05 3.642938724927870631e+00 2.198878031834328173e+00
3.173347499009181047e+05 3.641533985475633450e+00 2.171927760260335294e+00
2.028328494624728046e+05 3.640420180920853621e+00 2.150839548790515199e+00
9.815319144265323121e+04 3.639420202650349712e+00 2.131613044611252672e+00
2.035304577754858765e+05 3.638501366524214742e+00 2.114269898784413293e+00
1.055101893108118966e+05 3.638120440587100379e+00 2.107314149347641496e+00
2.625431142658792669e+05 3.636258890532603871e+00 2.073428289619061449e+00
2.722047008708636859e+05 3.635080103533093077e+00 2.051424484646755531e+00
1.411109169314557803e+05 3.635027697524353396e+00 2.050339077749666394e+00
1.463037986745331145e+05 3.633942809743290425e+00 2.030797255280003544e+00
7.584388923287799116e+04 3.633296310968635812e+00 2.018715364100560183e+00
1.887238664559547906e+05 3.631750313273946595e+00 1.990806483324396581e+00
9.783445237076700141e+04 3.631602199196395819e+00 1.988290240940439046e+00
1.217217122616135894e+05 3.630349514136911093e+00 1.965433192445442678e+00
1.262010712728407671e+05 3.629269653948643537e+00 1.946037399806023638e+00
1.208106496580627281e+05 3.628224453401160066e+00 1.927314614561751238e+00
1.717726888258203981e+05 3.626727764542718280e+00 1.900913080698793500e+00
6.824041810117421846e+04 3.626696284561692796e+00 1.900005461280249497e+00
1.698039971695136919e+05 3.624810571559685002e+00 1.866884108573838574e+00
1.708393720482111094e+05 3.623739056521394719e+00 1.848280079843871215e+00
1.771262609395853651e+05 3.622586818764605532e+00 1.828057966599790030e+00
4.897533376549453533e+04 3.622750049776521486e+00 1.830493630130469285e+00
1.218663025153554918e+05 3.621188885422187642e+00 1.803741019806020862e+00
1.212132194478157471e+05 3.620205697694657498e+00 1.786820518683732262e+00
1.175883326804402022e+05 3.619218589355956528e+00 1.769857568994277708e+00
6.095779166154008999e+04 3.619192467727888385e+00 1.769240347420245163e+00
7.584124607362180541e+04 3.617926915379355624e+00 1.748579522431309430e+00
7.863220392913112300e+04 3.616993126872957376e+00 1.732090046997936117e+00
3.763679477880927880e+04 3.616253575488530991e+00 1.719608434040473588e+00
7.804365765333895979e+04 3.615434955102155179e+00 1.705528261519215105e+00
8.091566425498170429e+04 3.614549924738318154e+00 1.690568924650206917e+00
4.194668034978252399e+04 3.614425850932184048e+00 1.688297056227565873e+00
1.043767636479709763e+05 3.612586574419094365e+00 1.657785584043242721e+00
1.082178285502161307e+05 3.611616656509764489e+00 1.641490946921120520e+00
5.610012232043205586e+04 3.611814917303931782e+00 1.644370026117252692e+00
2.908230341091198716e+04 3.611492958888823157e+00 1.638767019347052489e+00
7.236607722344045760e+04 3.610132106885007186e+00 1.616511202568737815e+00
3.742150948522405088e+04 3.610163516276565066e+00 1.616636892161453787e+00
9.311669048227282474e+04 3.608250749874425178e+00 1.585609179241170841e+00
4.827169234601015341e+04 3.608514151720338514e+00 1.589194373438815422e+00
8.236119989668721973e+04 3.607014382905052052e+00 1.564986471328936535e+00
3.271976910114871862e+04 3.607252665269272018e+00 1.568342564564300989e+00
8.141725584977031394e+04 3.605430247025601442e+00 1.538251522108257996e+00
4.220670543252093921e+04 3.605661522443753597e+00 1.541972000009583121e+00
7.489855839671123249e+04 3.604190037877199604e+00 1.517948509542860869e+00
2.999362720341609747e+04 3.604446414412406874e+00 1.521849336328031210e+00
7.463374244280443236e+04 3.602574626148074888e+00 1.491621116560419846e+00
3.869013208234975173e+04 3.602848503981407990e+00 1.495704660652865892e+00
6.787652812322796672e+04 3.601394380142114215e+00 1.472268061726606625e+00
2.707316061636514132e+04 3.601690461161761281e+00 1.476668138540616626e+00
6.736668702491365548e+04 3.599841464634512267e+00 1.446932899924272320e+00
3.492289055371524591e+04 3.600137403098145672e+00 1.451333238834603856e+00
2.104314841220035669e+04 3.599345286293001323e+00 1.439151031287505322e+00
4.363507254753859161e+04 3.598568557412207269e+00 1.425975672571299313e+00
2.262042160864401376e+04 3.598713405977320701e+00 1.427680207945354107e+00
5.628684749722101697e+04 3.597001191159832079e+00 1.400491901910930981e+00
1.893862677711863580e+04 3.596842710703672896e+00 1.397843024673236956e+00
3.927113648503322474e+04 3.596026735919038764e+00 1.384469567255732336e+00
2.035815715384122814e+04 3.596132909875696892e+00 1.386191545512821088e+00
5.065760960904616513e+04 3.594491653830159006e+00 1.359752349776709224e+00
2.564941729071294321e+04 3.594744041867694584e+00 1.363789072876893771e+00
1.595598950820669052e+04 3.593938927219212598e+00 1.351148511882426018e+00
3.308633984421741479e+04 3.593310750634997941e+00 1.340310692563279060e+00
1.676578164701152855e+04 3.593278312755212145e+00 1.339849299932446058e+00
4.171862978789169574e+04 3.591809745214733507e+00 1.316267889153746484e+00
2.162693768204305889e+04 3.592069692815964110e+00 1.320205426804154758e+00
5.381474157298145292e+04 3.590291252138029243e+00 1.291598215600231692e+00
1.574828882061698823e+04 3.591330012967706597e+00 1.308117688732527206e+00
2.267753590168849041e+04 3.590987707312932820e+00 1.302434841236273622e+00
1.410724153372236105e+04 3.590343013190645749e+00 1.292256864476574174e+00
1.845436275939703773e+04 3.590203626411638371e+00 1.289824408944539869e+00
4.592035994146279700e+04 3.588605851551901704e+00 1.264489352310367742e+00
2.380511459365432165e+04 3.588978457268136690e+00 1.270125218987497195e+00
1.418369202132280407e+04 3.588859356774064757e+00 1.267826742865727940e+00
2.450941981284580470e+04 3.587999047337817160e+00 1.254027714088895351e+00
1.270568323097926805e+04 3.587930973282743796e+00 1.253457218274945051e+00
1.989675392547054435e+04 3.587282180985164715e+00 1.242594504284037615e+00
1.237737268195672914e+04 3.586660881252721200e+00 1.233184564292042928e+00
2.566571999330543258e+04 3.586062784083569710e+00 1.222918609652147603e+00
1.273180155716795161e+04 3.586228233028577517e+00 1.225656380251796795e+00
2.640066370894342617e+04 3.585103943754504474e+00 1.207723684629425698e+00
1.315169624580102936e+04 3.585373938915437098e+00 1.211806701887453652e+00
2.181708586823442965e+04 3.584450890360080244e+00 1.197170794226485979e+00
1.130997731409270818e+04 3.584444462431233269e+00 1.197379415621305565e+00
2.814284275020320274e+04 3.583190405380057619e+00 1.177229339369118222e+00
1.177350022416143656e+04 3.583625492478988761e+00 1.183804046454952408e+00
2.929623607778536461e+04 3.582244342286417194e+00 1.162226097065833352e+00
1.430181975746806711e+04 3.582684253138264996e+00 1.168475403095902143e+00
3.558750413890290656e+04 3.581024558289535253e+00 1.142713356733212837e+00
1.844856214560727312e+04 3.581446897258642181e+00 1.148970218412754818e+00
1.078681984628213286e+04 3.581356232580663157e+00 1.147754282310007090e+00
1.863962469437552500e+04 3.580516945211735802e+00 1.134519533084067167e+00
9.662781441564284250e+03 3.580573565524054924e+00 1.135146452453652310e+00
2.258540047358141965e+04 3.579423051292204949e+00 1.117117793554122329e+00
1.170827160550461122e+04 3.579736685644922645e+00 1.121657487516178220e+00
2.913392640140920776e+04 3.578116074512692979e+00 1.096776382356308810e+00
1.199151434487243932e+04 3.578757474388404525e+00 1.106410848997667618e+00
2.983872497463302716e+04 3.577243053592911615e+00 1.082891161528588997e+00
6.874842234155447841e+03 3.578351014101897043e+00 1.099827859566337995e+00
1.710680742809367075e+04 3.577292261781581661e+00 1.083337050034865801e+00
8.868168970723760140e+03 3.577518455447071144e+00 1.086537137699670197e+00
1.838903517769280006e+04 3.576495621013587201e+00 1.070566691194381415e+00
9.190300167396890174e+03 3.576752847819351544e+00 1.074657186628085404e+00
1.524560514169135058e+04 3.575936302032779235e+00 1.061919259539340965e+00
7.090069611360047929e+03 3.576012672965003691e+00 1.063120372021741256e+00
7.841049784595301389e+03 3.575834252293735638e+00 1.060245627157121229e+00
1.951104100000416292e+04 3.574660595026904364e+00 1.042037845934070006e+00
6.811052727189259713e+03 3.575137217388582922e+00 1.049067141673358794e+00
1.694807872211956419e+04 3.574146378836174254e+00 1.033719398694055380e+00
8.442706416994693427e+03 3.574420925141862604e+00 1.038155269014543247e+00
1.750679602628016801e+04 3.573344111290626124e+00 1.021399649520195796e+00
6.050348706682432748e+03 3.573870860934319715e+00 1.028941999874979363e+00
1.003680246254135272e+04 3.573257930490783441e+00 1.019549524085120007e+00
2.497477630359087925e+04 3.571816469880337408e+00 9.976382124904422666e-01
1.294692403578151425e+04 3.572282599007008841e+00 1.004537734121957460e+00
7.854769220088842303e+03 3.572273923557928832e+00 1.004182672948210397e+00
1.357304121231351928e+04 3.571473845044129014e+00 9.917906181675416599e-01
7.036264564463323040e+03 3.571692675412219575e+00 9.950703683993936677e-01
3.145752154553955734e+03 3.571671604376796427e+00 9.946386164929972296e-01
4.146381178468247526e+03 3.571555160581091570e+00 9.927786364256400153e-01
2.960697648892939924e+03 3.571461225634247949e+00 9.912715377179834864e-01
3.187463179055384444e+03 3.571299586669699710e+00 9.887299047130714280e-01
4.231855648795882189e+03 3.571179256675074853e+00 9.868239840108756766e-01
3.279217728992958655e+03 3.571055854784618067e+00 9.848548359553953579e-01
3.457825767184895994e+03 3.571003715811694512e+00 9.839918817013834085e-01
8.604177013001521118e+03 3.570396152903670739e+00 9.748051735067106982e-01
2.140994574499195005e+04 3.569122781597179994e+00 9.555174378985810124e-01
8.822518152857563109e+03 3.569808174826897496e+00 9.658721935620122601e-01
2.195324837011853742e+04 3.568401625617441120e+00 9.441274023535176640e-01
7.587042636712966669e+03 3.569292124334871641e+00 9.575460838031902844e-01
1.887898993378559317e+04 3.567953238038277686e+00 9.369479033167672499e-01
9.786868381674454213e+03 3.568380927978672457e+00 9.433168369590049229e-01
2.435286033148815477e+04 3.566715164752204181e+00 9.182627219676557928e-01
6.781299719198828825e+03 3.567803705161476824e+00 9.349803814982199368e-01
9.765071595646315473e+03 3.567578388105220988e+00 9.309756393802052221e-01
2.429862295287859524e+04 3.566003862641597077e+00 9.071579911777085670e-01
6.645341889219390396e+03 3.567112708962947298e+00 9.242596874626758385e-01
9.569292320475915403e+03 3.566895338537745985e+00 9.203166575531569471e-01
5.952865366721656756e+03 3.566477428602020883e+00 9.138152817650787574e-01
1.136875140838413972e+04 3.566011383172519977e+00 9.066149468757297436e-01
5.893560730106345545e+03 3.566143057877043887e+00 9.088539130328684434e-01
1.466506503593822345e+04 3.564961255666347473e+00 8.906381400862024567e-01
6.332371745024663142e+03 3.565455970198871505e+00 8.979075632804551788e-01
1.575696726057973865e+04 3.564199210612064128e+00 8.786460530122558454e-01
7.458984341650702845e+03 3.564713367704035019e+00 8.863733043130783695e-01
1.856033991701626292e+04 3.563242386724917665e+00 8.639426046283504856e-01
5.568101975104880694e+03 3.564152683927927168e+00 8.777408873423453439e-01
8.018066844151021542e+03 3.563952329632307681e+00 8.745609738282112966e-01
1.995151608963785475e+04 3.562502309538226442e+00 8.525659255064323983e-01
5.945759231083203304e+03 3.563530574031621878e+00 8.680836311373480996e-01
6.849514634207855124e+03 3.563472380084271141e+00 8.670555753407848121e-01
1.704378425459205755e+04 3.562128080808188102e+00 8.467473503567635174e-01
1.884906188283846132e+04 3.561453378704658945e+00 8.366842031740232555e-01
5.654718564851540577e+03 3.562465938056528003e+00 8.521141203876695380e-01
8.142794733386220287e+03 3.562197551307661136e+00 8.473852534186059327e-01
2.026187899097960326e+04 3.560649174117626714e+00 8.241889962524941993e-01
5.521122095877576612e+03 3.561785358961701231e+00 8.412538918910713592e-01
7.950415818063712322e+03 3.561534560899582758e+00 8.373172887764190886e-01
1.978317868840427764e+04 3.560025713579459961e+00 8.145025620502411856e-01
5.445145179914029541e+03 3.561168838264138437e+00 8.315185477250865986e-01
7.841009059076203812e+03 3.560909196354542061e+00 8.274892140892273762e-01
1.951093966188046397e+04 3.559367164922848659e+00 8.046059252465816991e-01
5.309363418628762702e+03 3.560502654090066166e+00 8.216940252936663081e-01
7.645483322825411960e+03 3.560296800654219496e+00 8.179385787982152989e-01
1.902440906185293352e+04 3.558757541779316913e+00 7.951892834480825956e-01
5.178670222841589748e+03 3.559901048358978581e+00 8.122144907060026009e-01
7.457285120891882798e+03 3.559653786930108588e+00 8.083699959732820739e-01
1.855611171201769321e+04 3.558127039816073367e+00 7.857825824089595956e-01
5.073599249718385181e+03 3.559249347191384416e+00 8.026459887109511637e-01
7.305982919594477607e+03 3.559047621063168965e+00 7.989795300507934739e-01
1.817962341848529468e+04 3.557531694148240664e+00 7.765316239362219930e-01
5.012582347347763061e+03 3.558674269769366738e+00 7.934439188556637879e-01
7.218118580180780555e+03 3.558420955049222734e+00 7.894947327221674138e-01
1.796098882543542641e+04 3.556894276572343028e+00 7.670013653891111227e-01
4.865573150320379682e+03 3.558033202381603033e+00 7.840189734513158815e-01
7.006425336461348707e+03 3.557820154473045449e+00 7.803608600432643261e-01
1.743422829322350663e+04 3.556326478522654710e+00 7.581489964115448732e-01
4.787532352867995542e+03 3.557468041678939485e+00 7.749984767369113570e-01
6.894046588129908741e+03 3.557216974707632318e+00 7.711589591986376391e-01
1.715459400617541905e+04 3.555717448247991186e+00 7.489734350256728179e-01
4.672645390724672325e+03 3.556841156565659912e+00 7.658012547897146138e-01
6.728609362643530403e+03 3.556625528941722791e+00 7.621586781712371694e-01
1.674293324925313573e+04 3.555147159926805411e+00 7.401728558794093971e-01
4.557690861957828020e+03 3.556274790497015115e+00 7.569206637096904666e-01
6.563074841219267000e+03 3.556040595973494423e+00 7.532772528795441680e-01
1.633103038890272910e+04 3.554572248883876906e+00 7.314559455599504156e-01
4.498303949691054186e+03 3.555684457914395580e+00 7.480442046753940089e-01
6.477557687555120538e+03 3.555476788514924991e+00 7.444423078518973558e-01
1.611823634509712610e+04 3.553987356138474052e+00 7.225654454187625531e-01
4.426711210661862424e+03 3.555110950906685385e+00 7.392718025153476313e-01
6.374464143353083273e+03 3.554892185586040920e+00 7.356054408095032970e-01
1.586170661718833071e+04 3.553413136941220962e+00 7.138000235683280570e-01
4.282242759118511458e+03 3.554544281563924102e+00 7.305647215841660769e-01
6.166429573130658355e+03 3.554316557910981444e+00 7.270462733684386336e-01
1.534405003541245060e+04 3.552886962707447083e+00 7.056316283583908833e-01
4.228748815587111494e+03 3.554000497006075232e+00 7.220904222684396689e-01
6.089398294445441934e+03 3.553766797267357891e+00 7.184826421637457994e-01
1.515237156403447079e+04 3.552284486348521231e+00 6.968811858496561928e-01
4.176824770823935069e+03 3.553393530064236749e+00 7.133984814196575597e-01
6.014627669986467481e+03 3.553186201388405241e+00 7.098316228759745661e-01
1.496631832378069885e+04 3.551737478844258167e+00 6.883729947091089540e-01
4.002285547850851344e+03 3.552858354465730173e+00 7.050098497821725152e-01
5.763291188905227500e+03 3.552645779547746852e+00 7.017256082067354628e-01
1.434091273117665878e+04 3.551218333485677725e+00 6.806276662095271934e-01
3.985824612251791223e+03 3.552295785153483543e+00 6.967175735347678200e-01
5.739587441642580416e+03 3.552107228163580377e+00 6.933407883583887488e-01
1.428193022278805438e+04 3.550677942320760394e+00 6.722009978181437972e-01
3.866077846886403222e+03 3.551786961914209506e+00 6.885967880892491788e-01
5.567152099516416456e+03 3.551574361035694682e+00 6.853109753408012095e-01
1.385285591226867655e+04 3.550172965556735338e+00 6.644347735445403913e-01
3.827880363352520362e+03 3.551262031534927921e+00 6.805485324761691990e-01
5.512147723227624738e+03 3.551040815322116906e+00 6.771358342905602345e-01
1.371598742266176669e+04 3.549611265740957311e+00 6.561638820088452340e-01
3.740920566622335173e+03 3.550694481944460801e+00 6.723613230923526363e-01
5.386925615936164832e+03 3.550509877681202742e+00 6.691634161896070632e-01
1.340439474864626573e+04 3.549109320707947379e+00 6.483939249651389236e-01
3.671727169360580774e+03 3.550196967638643120e+00 6.645027494137764057e-01
5.287287123879232240e+03 3.549985422039219962e+00 6.612277322333555141e-01
1.315646229609117472e+04 3.548597863783495399e+00 6.405928703829220083e-01
3.589102119957247396e+03 3.549672639636919147e+00 6.566210016245193071e-01
5.168307052738432503e+03 3.549469187292968009e+00 6.534441706342060119e-01
1.286040180547008458e+04 3.548106691343873464e+00 6.330109288752102659e-01
3.551722010454343945e+03 3.549176538857402807e+00 6.489177383271541588e-01
5.114479695054251351e+03 3.548965101519655718e+00 6.456455002046649350e-01
1.272646211479739759e+04 3.547578791426496903e+00 6.251264590936809196e-01
3.553274105604502438e+03 3.548654017022334184e+00 6.411372220283285683e-01
5.116714712070479436e+03 3.548429344230595195e+00 6.376401181377825411e-01
1.273202355233920571e+04 3.547047387608513347e+00 6.170359309919154489e-01
3.438171327792012562e+03 3.548149442441781876e+00 6.333974433058958686e-01
4.950966712020494924e+03 3.547953627927741493e+00 6.302179832579092311e-01
1.231958948885482641e+04 3.546584067206769220e+00 6.098290949200376732e-01
3.386339746967902101e+03 3.547664643225603598e+00 6.258528205340757600e-01
4.876329235633776079e+03 3.547451770749278310e+00 6.225730989951657746e-01
1.213386756361223888e+04 3.546069224289700283e+00 6.021979081359184471e-01
3.298189979861943357e+03 3.547150034882035730e+00 6.182291324624873408e-01
4.749393571001200144e+03 3.546978958122119607e+00 6.152401552342221525e-01
1.181801101059370740e+04 3.545609561947361765e+00 5.950412351307178271e-01
3.307202161135643109e+03 3.546686000365745439e+00 6.108954715511752953e-01
3.809896889628259487e+03 3.546676562471622773e+00 6.106494984416436234e-01
9.480242628399792011e+03 3.545468319551837055e+00 5.927130925587914545e-01
3.147216927717274302e+03 3.546381283329048451e+00 6.059754642589836315e-01
7.831282825577449330e+03 3.545267340293141611e+00 5.894501719378916205e-01
2.587021448847893680e+03 3.546019019864318000e+00 6.006915077904637634e-01
6.437337211597192436e+03 3.545022884333151048e+00 5.858007405070608797e-01
4.846888539769583986e+03 3.545051072614535226e+00 5.861664531693533409e-01
3.015152422819862750e+03 3.545116100223541178e+00 5.868846772584785931e-01
5.210183386632722431e+03 3.544436040979845437e+00 5.767312095222476565e-01
3.088064669679640701e+03 3.544638558409029194e+00 5.797655104125540859e-01
5.336175749206418914e+03 3.543917223027733598e+00 5.689937361507486635e-01
3.021408631900589626e+03 3.544176334727719091e+00 5.727765833567893816e-01
5.220994115924218022e+03 3.543466287187904129e+00 5.619792064293619438e-01
2.990551773794833935e+03 3.543731569562333039e+00 5.656838276846472002e-01
5.167673465117472915e+03 3.542994224469504516e+00 5.547720210442148581e-01
2.956095475791425997e+03 3.543234676407110761e+00 5.584595400026860501e-01
5.108132982167583577e+03 3.542504219303194368e+00 5.475399023621194683e-01
2.954049113672969270e+03 3.542755327397106857e+00 5.512679809459889446e-01
5.104596868426890069e+03 3.542017678451821361e+00 5.402134374661738958e-01
2.868761594269134093e+03 3.542298467558885999e+00 5.443078277699748835e-01
3.965776027917648207e+03 3.541783811824910533e+00 5.366173803361399264e-01
9.868119805788044687e+03 3.540475108834277407e+00 5.173585829521631929e-01
2.850519775294590090e+03 3.541522672160336782e+00 5.328310329389851496e-01
3.283798781139370021e+03 3.541527798441181929e+00 5.324471314698416835e-01
8.171142183084710268e+03 3.540307644975319246e+00 5.147764020183243083e-01
9.036629563117039652e+03 3.539842434143434691e+00 5.077239994298008430e-01
2.710988868935112805e+03 3.540843206098623686e+00 5.223457519774611368e-01
3.903823971266563603e+03 3.540580406509777234e+00 5.183540706428296785e-01
9.713963264182008061e+03 3.539242254219944872e+00 4.986283562337190944e-01
2.826335391629487276e+03 3.540343010814460012e+00 5.146393166439159339e-01
4.069922963946462460e+03 3.540070045983335856e+00 5.105295729839303132e-01
1.012727070964726408e+04 3.538683055563069502e+00 4.903587638673336802e-01
2.724390138623220537e+03 3.539853791321426968e+00 5.075025097678442787e-01
3.923121799617434590e+03 3.539631159409149408e+00 5.038377009219661140e-01
9.761982436424057596e+03 3.538261702907138151e+00 4.839132123669478980e-01
2.696294168764673486e+03 3.539421059061343300e+00 5.006632551915928264e-01
3.882663603021130712e+03 3.539166286060082545e+00 4.968364463810182596e-01
9.661309496669540749e+03 3.537786507651721202e+00 4.768940794915915160e-01
2.670978613092992873e+03 3.538941534485857687e+00 4.936879328741354267e-01
3.846209202853910483e+03 3.538673588495123923e+00 4.897637905361626465e-01
9.570599283645435207e+03 3.537311062085597868e+00 4.699061674470333960e-01
2.600889160368862122e+03 3.538487145043591742e+00 4.868571616566499949e-01
3.745280390931161946e+03 3.538238594235826096e+00 4.831325094934019737e-01
9.319456102361820740e+03 3.536890197929158930e+00 4.634414884923490630e-01
2.605458564641284738e+03 3.538052652457955638e+00 4.801454940815017003e-01
3.751860333083451224e+03 3.537785942223649727e+00 4.761919440807907411e-01
9.335829104018213911e+03 3.536399165386709065e+00 4.562891945435946228e-01
2.545191562377015089e+03 3.537577679343260506e+00 4.733003979397208960e-01
3.665075849822902455e+03 3.537323982325598859e+00 4.694968815752615376e-01
6.079921025754216316e+03 3.536618337236466569e+00 4.590563774525002194e-01
2.521464847800787538e+03 3.537148248592173694e+00 4.666194308085201969e-01
4.357091256999760844e+03 3.536390438910882672e+00 4.555260869785454081e-01
2.454299476794461498e+03 3.536697893460048370e+00 4.600902444689912163e-01
4.241029495900824259e+03 3.535942650978591839e+00 4.489529833053708119e-01
2.454865334799353604e+03 3.536237009738790515e+00 4.532701295746491277e-01
4.242007298533282665e+03 3.535484976663405998e+00 4.421083822873257962e-01
2.403582267314324781e+03 3.535847387037940326e+00 4.469573024808948802e-01
4.153390157919153353e+03 3.535071982821201608e+00 4.357260115857100602e-01
2.401085835580489402e+03 3.535366601845513657e+00 4.401551292991758846e-01
4.149076323883085024e+03 3.534604830191896863e+00 4.289280464405653692e-01
2.324485381345427413e+03 3.534967159116985780e+00 4.339162812996608665e-01
4.016710738964898155e+03 3.534197065295169082e+00 4.227565662653284817e-01
2.320037253746672832e+03 3.534497531847555329e+00 4.272067631844218005e-01
4.009024374474250180e+03 3.533738422099078846e+00 4.160932096925423762e-01
2.315404647370601651e+03 3.534046003007472070e+00 4.206979425048513188e-01
4.001019230656399486e+03 3.533288616903285551e+00 4.094840413574515336e-01
2.261171089175449197e+03 3.533648234704088065e+00 4.145013009805115223e-01
3.907303642095175746e+03 3.532866740425129937e+00 4.032295205803874683e-01
2.247504426024607710e+03 3.533208971083364958e+00 4.080288435590252449e-01
3.883687648170522152e+03 3.532430826580668093e+00 3.967733526666012422e-01
2.198119716682490434e+03 3.532786602981649704e+00 4.017765105775686352e-01
3.798350870427343125e+03 3.532010199305346987e+00 3.905752841768598271e-01
2.207227297348729735e+03 3.532356813302767851e+00 3.953601459646740035e-01
3.814088769818604305e+03 3.531594363777515344e+00 3.841420508279609347e-01
2.181663981777140634e+03 3.531946233091753484e+00 3.891845616845808764e-01
3.769915360510899063e+03 3.531171524128291939e+00 3.778560412128111889e-01
2.126128863614901547e+03 3.531550023752051182e+00 3.830973431426802911e-01
3.673950676326549910e+03 3.530765979884628702e+00 3.718210465122251951e-01
2.136103356647167857e+03 3.531109397973912767e+00 3.766706567523366300e-01
3.691186600286305747e+03 3.530317470069820551e+00 3.653250214894664949e-01
2.109284748723559005e+03 3.530674301236540025e+00 3.704829681713764367e-01
3.644844045794309750e+03 3.529886811326178542e+00 3.590813731616019910e-01
2.076855761802349207e+03 3.530243834731514596e+00 3.642697236222915969e-01
3.588806756394458716e+03 3.529477682106400671e+00 3.529805839536324097e-01
2.076668582972342392e+03 3.529832662385150144e+00 3.580630468432787206e-01
3.588483311376207439e+03 3.529025169824783426e+00 3.465497805795813568e-01
1.436263249184242795e+03 3.529485865144664114e+00 3.528826347932473295e-01
2.382588378806756282e+03 3.529061622556302069e+00 3.468375256320769262e-01
5.928642314752429229e+03 3.527906373074107371e+00 3.303007043793161901e-01
2.469145759930224813e+03 3.528706277114926237e+00 3.415243043146001800e-01
4.096016518233051102e+03 3.528028029303133639e+00 3.317759337688379606e-01
4.532300039404843119e+03 3.527614203745357280e+00 3.257915866000847815e-01
2.001618012152272968e+03 3.528314293653401545e+00 3.353709680181666819e-01
4.150555109998951593e+03 3.527274150127028829e+00 3.207016166762152731e-01
2.015239692367558064e+03 3.527847868209620597e+00 3.286075571623298108e-01
4.178801026093367000e+03 3.526828322460876297e+00 3.142078185773622967e-01
3.080946420518118885e+03 3.526981086460140968e+00 3.162132156791696014e-01
7.666380597103646323e+03 3.525452809587192426e+00 2.945891827340526015e-01
1.955838504073423110e+03 3.526891990561399126e+00 3.147349469199872685e-01
2.816407445865727368e+03 3.526530156838418861e+00 3.094443278980131273e-01
7.008122975696607682e+03 3.525120744937931594e+00 2.897355011309742379e-01
1.938980735573721404e+03 3.526443497675884498e+00 3.081507753264763338e-01
2.792132259226159476e+03 3.526085119160711212e+00 3.030484953001034154e-01
6.947718543277631397e+03 3.524675788570448276e+00 2.834741013280685507e-01
1.945747848948579758e+03 3.526002905605698512e+00 3.019466431368983961e-01
2.801876902485955725e+03 3.525631572366334066e+00 2.966462214331944125e-01
1.294639735090308704e+03 3.525946432262887509e+00 3.009100872633774237e-01
5.395193283220637568e+02 3.526131730091131455e+00 3.034527186260667087e-01
9.088582836211309086e+02 3.525977536697185499e+00 3.012594858279343812e-01
2.261530244300130562e+03 3.525336183384005118e+00 2.922313575892780957e-01
5.627410937496902079e+03 3.524150278105544043e+00 2.757080301194052563e-01
2.309586047155747110e+03 3.525021560844533663e+00 2.876125294472372529e-01
2.554217401270483151e+03 3.524738573054382318e+00 2.834861005141066648e-01
2.573777359380469079e+03 3.524516130859733032e+00 2.802981439732447622e-01
6.404381678893610115e+03 3.523192609225081373e+00 2.617118884376079535e-01
1.921314503668083944e+03 3.524455518804180620e+00 2.792984338485393625e-01
2.766692885282038787e+03 3.524062089818215782e+00 2.737087130206383168e-01
3.059740995691114222e+03 3.523800086432086420e+00 2.698627244100491041e-01
2.565796175265324109e+03 3.523729777377725192e+00 2.688940284973640460e-01
4.533600162788200578e+03 3.522796584979830392e+00 2.558254836278334721e-01
1.958515270324502126e+03 3.523512084808934741e+00 2.655225419971891099e-01
4.873412717453865298e+03 3.522267294266669957e+00 2.481812255782212262e-01
2.105314293940069092e+03 3.523042569262365031e+00 2.587438885829527191e-01
5.238695663896954102e+03 3.521760214325064808e+00 2.409486540469446825e-01
2.263116526803483339e+03 3.522580937381299293e+00 2.520585251424847240e-01
5.631358115975638611e+03 3.521236081203453772e+00 2.334449614582472521e-01
1.689407434792692129e+03 3.522413326060742644e+00 2.497541651109681238e-01
2.432746706101474956e+03 3.522086147482994978e+00 2.451062624858711958e-01
6.053452283726423047e+03 3.520727784127440252e+00 2.263229596085397366e-01
1.816035685117927642e+03 3.522039358408504572e+00 2.443102281293216826e-01
2.615091386569813949e+03 3.521619333641102134e+00 2.383999162114317782e-01
6.507184199029400588e+03 3.520226451247527866e+00 2.190399259367656060e-01
1.645362888033617310e+03 3.521686715133333312e+00 2.390455747802257003e-01
2.369322558768409635e+03 3.521333688785723837e+00 2.340322430754532002e-01
5.895632709434609751e+03 3.519947951197016867e+00 2.150765960121692466e-01
1.768689812830383744e+03 3.521253491484017673e+00 2.329956107565836210e-01
2.546913330475750627e+03 3.520857581546101400e+00 2.271758496398674498e-01
1.251858840195441189e+03 3.521188077270331451e+00 2.315425828211837289e-01
2.076683592823413164e+03 3.520707411597622905e+00 2.248991969487894038e-01
5.167453317694356883e+03 3.519422969752118657e+00 2.076342292794943478e-01
1.903664315600978853e+03 3.520437911058788227e+00 2.213099706833308589e-01
4.736925989796223803e+03 3.519170428996164723e+00 2.038325641389719112e-01
2.046352027591967953e+03 3.519980064667693309e+00 2.148065769159809013e-01
5.091978677297646755e+03 3.518655865083753387e+00 1.966769474870572187e-01
1.527593603189294527e+03 3.519812426005660022e+00 2.125527562845826723e-01
2.199734788592582390e+03 3.519522083158824532e+00 2.083008422519943281e-01
5.473644069150695941e+03 3.518222544632811477e+00 1.901635381476613762e-01
1.642093220745209464e+03 3.519509059704381659e+00 2.076573687682206626e-01
2.364614237873099682e+03 3.519113101439886204e+00 2.021441072704598385e-01
5.883916900384392648e+03 3.517712767180827260e+00 1.831899540839587448e-01
1.509135641577456227e+03 3.519147285591483598e+00 2.026328252878044633e-01
2.173155323871535529e+03 3.518803135448207442e+00 1.978322466158709825e-01
5.407505855496019649e+03 3.517454439415966583e+00 1.793894227309618117e-01
1.622251756648806577e+03 3.518765545125225103e+00 1.971074170156928151e-01
2.336042529574279797e+03 3.518353930817043285e+00 1.913967937864401725e-01
1.453205336797567725e+03 3.518679019012593834e+00 1.956496160846279420e-01
2.511138821986196945e+03 3.517909754515567755e+00 1.851268154357638973e-01
1.562129238381173309e+03 3.518293241493592127e+00 1.903400850128104949e-01
2.699359323922667045e+03 3.517457148965804858e+00 1.788652927013340554e-01
1.420936914715688545e+03 3.518032259969877895e+00 1.864752157299086610e-01
2.455378988628709521e+03 3.517202807214153903e+00 1.751276794986909024e-01
1.527442161246147407e+03 3.517597669597586130e+00 1.803114842957909969e-01
2.497208781321199695e+03 3.516817371956827643e+00 1.697015783936449140e-01
8.182853734633306431e+02 3.517425530743843343e+00 1.777556391957732240e-01
2.036155860496275182e+03 3.516737091059011000e+00 1.684227302116806380e-01
5.066607350790092823e+03 3.515474701045893546e+00 1.512309457039797134e-01
1.519982205237028211e+03 3.516790358723582699e+00 1.687788866384464237e-01
2.188774375541318932e+03 3.516394537207296889e+00 1.633485120468902430e-01
1.361592763536743632e+03 3.516731228005756549e+00 1.677965992122902872e-01
2.352832295391492607e+03 3.515977050924769198e+00 1.575722564235265966e-01
1.463649914317139746e+03 3.516361403131836205e+00 1.629126118172488369e-01
2.529187051940017227e+03 3.515542240364634807e+00 1.517512014575457813e-01
1.311130567725705305e+03 3.516071389804023450e+00 1.586889690000696240e-01
2.718760345236024023e+03 3.515152038563484460e+00 1.462656206952187565e-01
1.409405362970353735e+03 3.515728760438852074e+00 1.538401868676377016e-01
2.922542960655324350e+03 3.514764121964438104e+00 1.408192891547815073e-01
1.344253624871535749e+03 3.515491173507374167e+00 1.504420336241096001e-01
2.787444316533615165e+03 3.514530861379057125e+00 1.374933427677333120e-01
1.420327416933076165e+03 3.515178620411385513e+00 1.459141313288635500e-01
2.945190931752425513e+03 3.514255135079655368e+00 1.335056805125016399e-01
6.785719906757586841e+02 3.515319369036304042e+00 1.475597842049366781e-01
1.357143981351517539e+02 3.515427653788166129e+00 1.489979082105165609e-01
9.197046879266308395e+01 3.515574342612246550e+00 1.509442643001866757e-01
3.013688321397985348e+01 3.515715091089512523e+00 1.528024891099804272e-01
5.014056952064167128e+00 3.515751760737696685e+00 1.532845694030871841e-01
2.466853170589406563e+00 3.515768369040853880e+00 1.535025356094258664e-01
1.536671543355666580e+00 3.515778304718212510e+00 1.536327721639507149e-01
1.065727894388287300e+00 3.515784994559666199e+00 1.537203672822176626e-01
7.860469574064896658e-01 3.515789772311614048e+00 1.537828591841489123e-01
6.025529740513558830e-01 3.515793305445986672e+00 1.538290214696093339e-01
4.748102705288507752e-01 3.515795978235239705e+00 1.538639035062262794e-01
3.809496523412845281e-01 3.515798032859635658e+00 1.538906865727881212e-01
3.097743919951511660e-01 3.515799630800264808e+00 1.539114914720115801e-01
2.545589316058794460e-01 3.515800885399921860e+00 1.539278059943784138e-01
2.107355697845872677e-01 3.515801878973026540e+00 1.539407107863854651e-01
1.754532372999564049e-01 3.515802671740812180e+00 1.539509957638455773e-01
1.467124367223467674e-01 3.515803309236197549e+00 1.539592578188634098e-01
1.231412135331186597e-01 3.515803825649403080e+00 1.539659447826921823e-01
1.036129676087351320e-01 3.515804247013382344e+00 1.539713976662296091e-01
8.736989066941243387e-02 3.515804593342872764e+00 1.539758781159506762e-01
7.379464187372060391e-02 3.515804880075170669e+00 1.539795877177823902e-01
6.242024655340885908e-02 3.515805119095301468e+00 1.539826813973351194e-01
5.286233501850223782e-02 3.515805319609065727e+00 1.539852789426756352e-01
4.480498161974364596e-02 3.515805488820839653e+00 1.539874737318481790e-01
3.801056912136276805e-02 3.515805632312006157e+00 1.539893378614302921e-01
3.227153720064959708e-02 3.515805754491351021e+00 1.539909280424679727e-01
2.741408883228285340e-02 3.515805858872376177e+00 1.539922892276121558e-01
2.330744113973974921e-02 3.515805948246121027e+00 1.539934568598133879e-01
1.982700604561376395e-02 3.515806024883092462e+00 1.539944594750642382e-01
1.687809846279664586e-02 3.515806090641021342e+00 1.539953201511928271e-01
1.437591363955376990e-02 3.515806147058570641e+00 1.539960577660651198e-01
1.225406656559199781e-02 3.515806195430325687e+00 1.539966879423196877e-01
1.045325136220125878e-02 3.515806236856393596e+00 1.539972235657139088e-01
8.923802230711741154e-03 3.515806272279654809e+00 1.539976756343731101e-01
7.624546947411388331e-03 3.515806302525953608e+00 1.539980533257632733e-01
6.521131600422976418e-03 3.515806328323832552e+00 1.539983644708681210e-01
5.582171481422133416e-03 3.515806350314760298e+00 1.539986157174559611e-01
4.782876778373207176e-03 3.515806369071865500e+00 1.539988128052779404e-01
4.102546088162420390e-03 3.515806385122184352e+00 1.539989604870489470e-01
3.523174664884139076e-03 3.515806398940950039e+00 1.539990628910840598e-01
3.029021984405932868e-03 3.515806410972236229e+00 1.539991234114365115e-01
2.609584175229492670e-03 3.515806421628679956e+00 1.539991447558082538e-01
2.250626527592879469e-03 3.515806431245942942e+00 1.539991299767506094e-01
1.943282425266139530e-03 3.515806440220836215e+00 1.539990804139726166e-01
1.682164178483709464e-03 3.515806448914885696e+00 1.539989973182820937e-01
1.458137366014922989e-03 3.515806457627880466e+00 1.539988818847973229e-01
1.267170676544751183e-03 3.515806466686307363e+00 1.539987346353043907e-01
1.103392975809316294e-03 3.515806476394437663e+00 1.539985558026055468e-01
9.630577499348669376e-04 3.515806487076380549e+00 1.539983450528000786e-01
8.430690098874254069e-04 3.515806499059798362e+00 1.539981015446546253e-01
7.400519542563234075e-04 3.515806512636517667e+00 1.539978243669461733e-01
6.517743477021564931e-04 3.515806528142845888e+00 1.539975117956488282e-01
5.764555576785771688e-04 3.515806545966535079e+00 1.539971615632288182e-01
5.115866920272507884e-04 3.515806566416749490e+00 1.539967711910713855e-01
4.561805767342131074e-04 3.515806589903764046e+00 1.539963371754339561e-01
4.087294762902543436e-04 3.515806616869879608e+00 1.539958551018814903e-01
3.683308915694944396e-04 3.515806647811748231e+00 1.539953198462895301e-01
3.340612973934261546e-04 3.515806683282671763e+00 1.539947253206997990e-01
3.052567435992560693e-04 3.515806723947504597e+00 1.539940628986986582e-01
2.813443366638070705e-04 3.515806770627531552e+00 1.539933225008451867e-01
2.619199557550873749e-04 3.515806824349149817e+00 1.539924920182168533e-01
2.468066152818599343e-04 3.515806886310329560e+00 1.539915541422681999e-01
2.359390523283147012e-04 3.515806958244128477e+00 1.539904886032861797e-01
2.295803122893888006e-04 3.515807042348186418e+00 1.539892652568974618e-01
3.286116283572517306e-04 3.515807155677014517e+00 1.539876482454428930e-01
3.678618580525303754e-04 3.515807327725260834e+00 1.539852277883188569e-01
7.260233422621404070e-04 3.515807676849471264e+00 1.539802896336004701e-01
1.400416613771281768e-04 3.515807985274792102e+00 1.539753606498521221e-01
3.484684668379353320e-04 3.515808135653948341e+00 1.539727946264541070e-01
1.045405400513806348e-04 3.515808107696802409e+00 1.539732810839409549e-01
3.763459441849702826e-05 3.515808162494492795e+00 1.539723040697698886e-01
7.803909498619547981e-05 3.515808193564581519e+00 1.539717352302379660e-01
1.941862408360497797e-04 3.515808265245965902e+00 1.539703564209370379e-01
5.033307362470410560e-05 3.515808306130890237e+00 1.539694865723599537e-01
5.218533073409323866e-05 3.515808333249790252e+00 1.539688681384231428e-01
6.492690108612938593e-05 3.515808364041424383e+00 1.539681175339395747e-01
6.731621104609897645e-05 3.515808392702391760e+00 1.539673577586184450e-01
6.979344761259544073e-05 3.515808418633723509e+00 1.539665887669035005e-01
6.030153873728232841e-05 3.515808438095643140e+00 1.539659355154035514e-01
6.252063536281434006e-05 3.515808455154652901e+00 1.539652700634792093e-01
1.555713473859982141e-04 3.515808476068282840e+00 1.539643637641140428e-01
6.720682207075126806e-05 3.515808486233394259e+00 1.539636425343565707e-01
8.361603974754581092e-05 3.515808491638625188e+00 1.539628412715046690e-01
1.733862200205109349e-04 3.515808495701011172e+00 1.539618733545983220e-01
7.490284704886076260e-05 3.515808497181982961e+00 1.539609973587901803e-01
7.765927182025887036e-05 3.515808494304217380e+00 1.539603203251234398e-01
1.610342660464885540e-04 3.515808486809484990e+00 1.539595484500970723e-01
6.956680293208303582e-05 3.515808473120475064e+00 1.539587240213653729e-01
8.655223353598051909e-05 3.515808458031303818e+00 1.539580672569763331e-01
1.794747114602091291e-04 3.515808435338960258e+00 1.539573039123443843e-01
1.860793808419446962e-04 3.515808407045759143e+00 1.539565267350105904e-01
1.929271020569283562e-04 3.515808366822851028e+00 1.539556157981313012e-01
1.000134097063115808e-04 3.515808310402610992e+00 1.539545621911172224e-01
2.488653676404092960e-04 3.515808257654944313e+00 1.539537082313210403e-01
2.150196776413135550e-04 3.515808191030690200e+00 1.539527630840037686e-01
2.120085683832451399e-04 3.515808081646152772e+00 1.539514484360501589e-01
4.396209673994968766e-04 3.515807967165685444e+00 1.539502615950352205e-01
1.497542748215800333e-04 3.515807888252449054e+00 1.539495264132924035e-01
3.726365571240336755e-04 3.515807786867904738e+00 1.539486467664323843e-01
6.048165871194101546e-04 3.515807566892854119e+00 1.539469949939105964e-01
5.800318813641796136e-04 3.515807339546428878e+00 1.539455024724137866e-01
5.732159189703224392e-04 3.515807122105383709e+00 1.539442190046386438e-01
7.665456458148556815e-04 3.515806838264202483e+00 1.539427720191785809e-01
7.443349528473466306e-04 3.515806569340310883e+00 1.539415820548287739e-01
1.066591032804854950e-03 3.515806284408924398e+00 1.539404744544131953e-01
9.759661982996366801e-04 3.515805966023774154e+00 1.539394037407020299e-01
9.590905601904536025e-04 3.515805676646243771e+00 1.539385661609968536e-01
1.298984425927304917e-03 3.515805337404986020e+00 1.539377613152564939e-01
1.252586165839069884e-03 3.515805013883820607e+00 1.539371612720752125e-01
1.493332088074985665e-03 3.515804710948125411e+00 1.539367573372397435e-01
1.656250834542653903e-03 3.515804352694553714e+00 1.539365101995076868e-01
1.623759217841202985e-03 3.515804045228120511e+00 1.539365163704072281e-01
2.198199172143555993e-03 3.515803703461451768e+00 1.539368273124666342e-01
2.120653629025695368e-03 3.515803396042571638e+00 1.539374462513130870e-01
3.036290530854381369e-03 3.515803105367605763e+00 1.539384419736004872e-01
2.780757094163080565e-03 3.515802820987528055e+00 1.539399920923123222e-01
2.739572443497974470e-03 3.515802598860351402e+00 1.539418317691451932e-01
3.666678419299066859e-03 3.515802377891744435e+00 1.539447525857569610e-01
3.572236313633144096e-03 3.515802232782847092e+00 1.539480664468860782e-01
4.834837938441359159e-03 3.515802142994852719e+00 1.539525270672973678e-01
4.680999921244158139e-03 3.515802135002378481e+00 1.539580780887961353e-01
5.568055035337548565e-03 3.515802214059266628e+00 1.539643259060525793e-01
6.172248483250431829e-03 3.515802438831629573e+00 1.539733678518613869e-01
6.055770589662699994e-03 3.515802767700157538e+00 1.539828811676722253e-01
8.207875195676655328e-03 3.515803328732936439e+00 1.539960108327133315e-01
7.937195500950788851e-03 3.515804066545779705e+00 1.540109004097484635e-01
1.138047234985008552e-02 3.515805056246626759e+00 1.540288433257319123e-01
1.045959675724468518e-02 3.515806443909313739e+00 1.540519301366062299e-01
1.033328059983254672e-02 3.515807995314917722e+00 1.540761767709991625e-01
1.386216054143342771e-02 3.515810347142951375e+00 1.541111012895862442e-01
1.354485862068128231e-02 3.515812937765779189e+00 1.541481089956477368e-01
1.836798163502548556e-02 3.515816341074623708e+00 1.541953480646760244e-01
1.783486893917105715e-02 3.515827127683143871e+00 1.542511292775237686e-01
2.551186164679343851e-02 3.515831381186017790e+00 1.543188230592883459e-01
2.337036343969333199e-02 3.515837471804588610e+00 1.544039172257989090e-01
2.305596386496728753e-02 3.515843919872997603e+00 1.544915638533690960e-01
3.091691352537835960e-02 3.515853112256222435e+00 1.546151604657153289e-01
3.020763813173373696e-02 3.515862681146573188e+00 1.547433448924323829e-01
4.096218859748865238e-02 3.515874637497458099e+00 1.549034335503327864e-01
3.977499623616637114e-02 3.515888568212047982e+00 1.550900708991208854e-01
5.690386600254526001e-02 3.515904667377302673e+00 1.553057215097734811e-01
5.216136515188350697e-02 3.515921743558568124e+00 1.555719070267627957e-01
5.148801153925461338e-02 3.515942225888516681e+00 1.558398297673150856e-01
6.903752852659927886e-02 3.515969897508702147e+00 1.562108368633633171e-01
6.744682403157667427e-02 3.515997944166322053e+00 1.565874027213031705e-01
9.125449991746004130e-02 3.516034211997257408e+00 1.570748429386309986e-01
8.815161157140787018e-02 3.516072781618583942e+00 1.575936379877639626e-01
1.263631801721696868e-01 3.516116383179571869e+00 1.581807070257625625e-01
1.161799216074849289e-01 3.516168949769495899e+00 1.588895251049784185e-01
1.149278041025625086e-01 3.516220782868627381e+00 1.595888969444900496e-01
1.543104906265275744e-01 3.516291002359096751e+00 1.605379312186783758e-01
1.508578600218884735e-01 3.516359967877026538e+00 1.614697349758820732e-01
2.041496803309926777e-01 3.516474636833042400e+00 1.626489774209037842e-01
1.971870687902096686e-01 3.516566081219568485e+00 1.638727955465064945e-01
2.826963604118288842e-01 3.516668331114708668e+00 1.652272683748937654e-01
2.599308324404306370e-01 3.516790820420789387e+00 1.668440010758427128e-01
3.085241668752400912e-01 3.516919750940024070e+00 1.684915629245517521e-01
3.415019167454405036e-01 3.517080998794165581e+00 1.706720075759864952e-01
3.350016857446302954e-01 3.517236886373829474e+00 1.728129437753831432e-01
4.550995237974939100e-01 3.517442986233571212e+00 1.756022397199905050e-01
4.403560025009304879e-01 3.517665838538874823e+00 1.786324120672937166e-01
6.314662882696825408e-01 3.517950126286337298e+00 1.821724453709679392e-01
5.802452118331286046e-01 3.518280907614764086e+00 1.866469357444289490e-01
5.732808351138879432e-01 3.518636450045282249e+00 1.912416972025098583e-01
7.707965335521286265e-01 3.519115237532617346e+00 1.977626655357099805e-01
7.524145618022346493e-01 3.519627761529675603e+00 2.045602587699518193e-01
1.019715328867719650e+00 3.520256432373098487e+00 2.130455875479843886e-01
9.897728942762482607e-01 3.521005134304580064e+00 2.229222054223593541e-01
1.178568109836323430e+00 3.521757711577818473e+00 2.332798813803417526e-01
1.307567407208388488e+00 3.522797759230886783e+00 2.472053621002896218e-01
1.283740104658271708e+00 3.523786145387472590e+00 2.607533924450933793e-01
1.740373300565153381e+00 3.525062522870384907e+00 2.779338784413661334e-01
1.682586261914207126e+00 3.526307096978841482e+00 2.956655528003663269e-01
2.412197163097202779e+00 3.527733657894001507e+00 3.150751480247031555e-01
2.208133456894046720e+00 3.529338712956512136e+00 3.375045995236208296e-01
2.172998559227259818e+00 3.530855592789897024e+00 3.585615757975762485e-01
2.903781519080999018e+00 3.532812537099636607e+00 3.854647535410701820e-01
2.819769433412222970e+00 3.534596378679949691e+00 4.104755830503690750e-01
4.031815211780521935e+00 3.536477143688695257e+00 4.367301968267049417e-01
3.696881201512870252e+00 3.538577720991037623e+00 4.660082978355151173e-01
3.643856177494391613e+00 3.540449051502883027e+00 4.926949271234801753e-01
4.928672458081172714e+00 3.542597634222666159e+00 5.240527504679444171e-01
4.744067532059457193e+00 3.544764741579390588e+00 5.542354190931796376e-01
4.674387870041526227e+00 3.546679945021543823e+00 5.815757971350323796e-01
6.343284574762805939e+00 3.548908581851471844e+00 6.135371495616721571e-01
6.154351509309414325e+00 3.551028677755250218e+00 6.442559857035680126e-01
6.097333632073094201e+00 3.552979970328932868e+00 6.722093380891268621e-01
8.263731480701686394e+00 3.555295012880120176e+00 7.047630692627396831e-01
7.986963189506520955e+00 3.557444988629545612e+00 7.358361989977209028e-01
7.851763575925287064e+00 3.559385648892694931e+00 7.638153005129938444e-01
1.064560450790502877e+01 3.561642541719119315e+00 7.962499535819874685e-01
1.014583197998101838e+01 3.563768384053643157e+00 8.269286900881515079e-01
9.977850322503133640e+00 3.565682965712549279e+00 8.543906983106340780e-01
1.192120297117556760e+01 3.567466537734711451e+00 8.805755909188404118e-01
1.306294056313800667e+01 3.569604205868288638e+00 9.119560639295440918e-01
1.253343084606235713e+01 3.571459122603794167e+00 9.391654522028907159e-01
1.224336198429349842e+01 3.573156527483203782e+00 9.636456071565220327e-01
1.210352282112863520e+01 3.574711987241582012e+00 9.861094491666045903e-01
1.205772324938242335e+01 3.576128776689884159e+00 1.007046617328374971e+00
1.632367696092742193e+01 3.577667700922105176e+00 1.030461324184875682e+00
1.544492696110394547e+01 3.579320415645708575e+00 1.054377180619475052e+00
1.477412528622690502e+01 3.580732486473428899e+00 1.075603167863482756e+00
1.432090774098575103e+01 3.582060392151418249e+00 1.094876860838565502e+00
1.400860264121370591e+01 3.583258496031256346e+00 1.112630844252321394e+00
1.379473575437786970e+01 3.584378055993445056e+00 1.129167270220949204e+00
1.365745843218784472e+01 3.585414541869565319e+00 1.144725851453963550e+00
3.398412696598164473e+01 3.587194759724658510e+00 1.170733649020258449e+00
8.456338281199145968e+01 3.591089532983033905e+00 1.227968187667849653e+00
2.104207567187345376e+02 3.598389959305168251e+00 1.338617138452558253e+00
5.235941773583610939e+02 3.610274033168069607e+00 1.514904394286218370e+00
1.302869863404357147e+03 3.625601566924715247e+00 1.745708095661348658e+00
3.241957138506327283e+03 3.642940906110994526e+00 2.015265217168776601e+00
8.067026786888065544e+03 3.663326391197018417e+00 2.358323786915784925e+00
1.826043722228096885e+04 3.642840251392547302e+00 2.031255722788236184e+00
3.768187731497117056e+03 3.641490205328294039e+00 2.006241729509681715e+00
4.710234664371394615e+02 3.641786195468866172e+00 2.010751424593493653e+00
9.043650555593083595e+01 3.641853045382902998e+00 2.011776729904848793e+00
3.296639754608813178e+01 3.641866933022638086e+00 2.011989552663368208e+00
1.983280075358247885e+01 3.641873739145771172e+00 2.012093852844650144e+00
1.468606349481698459e+01 3.641878464687862138e+00 2.012166280154266573e+00
1.205863866897145620e+01 3.641882263789764096e+00 2.012224517975681248e+00
1.031530563534934153e+01 3.641885487283426759e+00 2.012273950896626307e+00
9.222118799889919671e+00 3.641888345048716946e+00 2.012317796628019462e+00
8.506644595716229773e+00 3.641890972036261331e+00 2.012358121552010992e+00
8.207004896885768730e+00 3.641893499012905266e+00 2.012396922563649770e+00
7.933517331486482860e+00 3.641895963479855780e+00 2.012434778065341323e+00
1.071599688038039844e+01 3.641899097859972123e+00 2.012482920114843754e+00
1.503060435698555963e+01 3.641902893440316369e+00 2.012541156432070544e+00
2.467217206220608361e+01 3.641909536576898088e+00 2.012642568309388036e+00
4.648566581471690284e+01 3.641926096498850018e+00 2.012890677078204682e+00
3.274762176803016445e+01 3.641944707310086571e+00 2.013164526899559270e+00
2.563134926303679251e+01 3.641960311272494977e+00 2.013391981507023587e+00
2.203736609775524968e+01 3.641974477988179970e+00 2.013598150240406337e+00
2.021900997452954840e+01 3.641987900043337945e+00 2.013793745728259310e+00
1.945995292627173967e+01 3.642001407944007507e+00 2.013991139250782769e+00
1.905153191938979518e+01 3.642015101259827414e+00 2.014191924635698516e+00
2.565973225876363628e+01 3.642032130324441841e+00 2.014442688588840902e+00
2.410319196062127034e+01 3.642051384385875057e+00 2.014727600547650432e+00
2.346535857354887966e+01 3.642070602632253795e+00 2.015013340393037922e+00
2.797262023338876347e+01 3.642090979599508671e+00 2.015317626327560063e+00
3.073681405433934799e+01 3.642118576350014791e+00 2.015731246503821517e+00
2.971598231726077799e+01 3.642145534412957186e+00 2.016136868797377968e+00
2.932069294539623883e+01 3.642172490568559962e+00 2.016543520330809969e+00
3.972370715234960414e+01 3.642205147454746328e+00 2.017035845019912621e+00
3.805013728382365912e+01 3.642241797725788377e+00 2.017588118395235330e+00
3.667844463511226394e+01 3.642277335715986997e+00 2.018123127321546750e+00
3.610973055768578632e+01 3.642361108531038560e+00 2.018656057903149836e+00
3.584607746259317906e+01 3.642395476572663160e+00 2.019187143310404497e+00
4.841717445233297212e+01 3.642438819997768640e+00 2.019820210417163420e+00
4.580701782159137281e+01 3.642501573389707481e+00 2.020519390501867907e+00
4.387072120494195104e+01 3.642548035995609723e+00 2.021190003330354923e+00
4.255250870382671025e+01 3.642593539881046727e+00 2.021845683177905695e+00
5.017373441230498798e+01 3.642640528991245130e+00 2.022522246489478981e+00
1.248483068128267064e+02 3.642740089162415096e+00 2.023955104902609659e+00
1.797815618104704924e+02 3.642816567206579759e+00 2.025057960322909523e+00
3.106625388084930250e+02 3.643011987139886276e+00 2.027898528574997083e+00
7.730278085679486821e+02 3.643841779677805537e+00 2.040663732125322927e+00
1.923540556615798323e+03 3.646538327045948602e+00 2.082293853465091882e+00
4.786384437838223675e+03 3.652633466247077187e+00 2.178385463800454058e+00
1.191005612436159936e+04 3.661665224962405762e+00 2.326648474475427442e+00
2.963603085537143124e+04 3.657624253341194009e+00 2.264295980668032726e+00
1.251758466474497709e+03 3.656021529523939328e+00 2.235274274568538111e+00
2.503516932948995759e+02 3.655953521345015833e+00 2.233899832528976503e+00
8.203524285887273493e+01 3.655940660426518107e+00 2.233629464361190031e+00
4.370470257162898520e+01 3.655936030330908970e+00 2.233529501408137108e+00
3.596663342614945691e+01 3.655932937257440951e+00 2.233460730128896898e+00
5.744070552467550073e+01 3.655929681690643918e+00 2.233383932766763724e+00
1.429308563711604165e+02 3.655925744950827561e+00 2.233256748238770406e+00
9.035545896466675231e+01 3.655926508809435926e+00 2.233186735522076916e+00
6.853016316372810479e+01 3.655929638724478181e+00 2.233171853815913543e+00
5.692317895856546528e+01 3.655933519607731164e+00 2.233178607599232812e+00
5.176864105263044991e+01 3.655937755152113944e+00 2.233196199295500950e+00
4.981378850407907777e+01 3.655942371222553167e+00 2.233221897209983986e+00
4.823507458138079329e+01 3.655947338429899940e+00 2.233254232221870250e+00
4.777771272712469397e+01 3.655952629828179035e+00 2.233292158811943207e+00
6.366987353018801343e+01 3.655960205367321691e+00 2.233350492965298972e+00
6.145079552650163635e+01 3.655968006567580364e+00 2.233413310251137762e+00
6.049294346551791790e+01 3.655975853589704005e+00 2.233476978518457390e+00
6.028940897923136077e+01 3.655983777941538726e+00 2.233540925859880844e+00
8.138819294733151821e+01 3.655993883621711404e+00 2.233620586625907123e+00
7.723089370965023193e+01 3.656004216221763858e+00 2.233698155315279266e+00
7.476381487731386244e+01 3.656013982723415712e+00 2.233766316240495708e+00
7.355826113188263093e+01 3.656023337451664190e+00 2.233825793721007091e+00
1.830364923396861059e+02 3.656039460550696951e+00 2.233912228020717539e+00
4.554533646186878286e+02 3.656079557684437376e+00 2.234063257296710070e+00
1.133313716247973389e+03 3.656237015387424627e+00 2.235183157046177538e+00
2.820047186414155021e+03 3.657213683457507969e+00 2.248208904039354916e+00
7.017179814898071527e+03 3.660925185190279763e+00 2.303936830091815935e+00
1.746098887700715204e+04 3.667512061241147592e+00 2.411371319569964644e+00
4.344852784243440692e+04 3.665840950553639566e+00 2.389794671958922034e+00
1.955183752909549412e+03 3.664623381192767759e+00 2.370312162414728974e+00
5.865551258728650055e+02 3.664422217399904369e+00 2.366910267990656180e+00
2.064184483055527437e+02 3.664337134430514453e+00 2.365617063217567484e+00
3.271627851985462030e+02 3.664283597354653477e+00 2.364671543413214838e+00
2.141951794499493644e+02 3.664231260042553728e+00 2.363718150850496968e+00
1.611994899981989704e+02 3.664194458719836067e+00 2.363034130948139744e+00
1.337345353694208541e+02 3.664164885567505969e+00 2.362478584552675454e+00
1.216103248897712632e+02 3.664128947630025834e+00 2.361969859659136528e+00
1.144872636106428843e+02 3.664102789407247318e+00 2.361471274848940372e+00
1.115928554897471798e+02 3.664076400523031740e+00 2.360965299234166537e+00
1.332099922990828986e+02 3.664047753817694097e+00 2.360412355619189384e+00
1.777425912668271053e+02 3.664005875644277932e+00 2.359596256931787650e+00
4.422804447010713034e+02 3.663920451810340317e+00 2.357693557091155689e+00
1.100535276158568649e+03 3.663640276491455516e+00 2.351800673987061607e+00
2.738483938370890428e+03 3.663168740388401901e+00 2.340077281939027642e+00
6.814224353527054518e+03 3.664496626463240148e+00 2.355036227506356550e+00
1.695597074336840888e+04 3.669644537011327756e+00 2.439405899666939881e+00
4.219188112013853242e+04 3.668876054963944533e+00 2.436427724065465039e+00
3.797269300812466554e+03 3.663569994433550914e+00 2.352376268190304653e+00
1.139180790243740375e+03 3.663203909793231183e+00 2.346330139697209827e+00
4.374454234535959927e+02 3.663042128880990234e+00 2.343710383456538704e+00
4.246328003000123772e+02 3.662942760757914584e+00 2.341985815097186840e+00
7.518028529851029589e+02 3.662735951073033291e+00 2.338281106231214324e+00
5.079164387753962160e+02 3.662497778999143083e+00 2.334253921814910981e+00
1.263858632933594208e+03 3.662111493046318778e+00 2.326501487022672343e+00
3.144884713501318402e+03 3.661540847115676733e+00 2.312268045769760416e+00
7.825479530299601720e+03 3.663757726485834976e+00 2.342622814387973040e+00
1.947229722483508885e+04 3.668725175306107644e+00 2.428462190623025485e+00
4.845330663050161093e+04 3.666207493628848901e+00 2.392414035108513914e+00
5.232957116094175944e+03 3.663125324234050240e+00 2.343873751686403661e+00
1.569887134828253238e+03 3.662655663413216800e+00 2.335768154562795740e+00
3.255317962779864501e+03 3.662210214082281645e+00 2.327304923381634527e+00
8.100272793144393290e+03 3.662651044164941805e+00 2.329882713243435877e+00
6.998635693276754864e+03 3.664400538860560275e+00 2.358100901644184066e+00
6.046821238991114114e+03 3.665703873596015683e+00 2.379589945769152504e+00
5.224453550488321525e+03 3.666422760693489380e+00 2.391795839517699029e+00
4.513927867621913720e+03 3.666815083294036270e+00 2.398667888701292661e+00
3.900033677625332075e+03 3.667080300505566992e+00 2.402833496521757262e+00
3.369629097468286091e+03 3.667238769520300146e+00 2.405545112445245159e+00
1.455679770106299202e+03 3.667335654603643302e+00 2.407169437538429158e+00
1.257707321371842227e+03 3.667401820053703076e+00 2.408281651571492876e+00
9.055492713877264350e+02 3.667447279486752088e+00 2.409014302234884664e+00
6.519954753991631833e+02 3.667471081732958993e+00 2.409393846116476556e+00
2.816620453724383992e+02 3.667485152290884898e+00 2.409616840242531755e+00
2.163164508460327795e+02 3.667495170144615901e+00 2.409774955245168826e+00
7.501612823861168522e+01 3.667499369688733246e+00 2.409841080481062381e+00
1.866641322187021785e+02 3.667504149225871757e+00 2.409916215804948969e+00
4.644800934824406227e+02 3.667514470148932837e+00 2.410100350797762747e+00
7.705167374761509791e+02 3.667536538898295451e+00 2.410443690832988040e+00
1.917292208196656475e+03 3.667583314529376359e+00 2.411161869611704311e+00
4.770836547499904555e+03 3.667723938901926495e+00 2.413012178023010712e+00
1.187136799787496602e+04 3.668062051678772306e+00 2.418453733692254470e+00
2.953976241647220741e+04 3.668705438434382682e+00 2.428246062395127414e+00
7.350438161615606805e+04 3.668840385061252096e+00 2.431036450275408711e+00
1.829024228631132864e+05 3.668157927317442280e+00 2.420268808397221694e+00
4.551197568587426213e+05 3.667287091859460002e+00 2.406009550753316795e+00
8.551352219704382587e+05 3.666905593153868104e+00 2.397642213667089184e+00
7.344807317295521498e+05 3.667411305759630480e+00 2.402517910976878390e+00
7.813996587075153366e+05 3.667893057371085064e+00 2.406707022203583346e+00
6.876919852065227460e+05 3.668289696599050576e+00 2.410167183059224616e+00
7.032918251768823247e+05 3.668664416358976776e+00 2.412970463306729041e+00
7.340365690233096248e+05 3.669007644182724182e+00 2.415341002324026931e+00
8.136350271202316508e+05 3.669308915262187387e+00 2.417198513579057462e+00
6.403767006996368291e+05 3.669546307880069413e+00 2.418470282444809882e+00
7.876083448257998098e+05 3.669757693902577333e+00 2.418725803319206946e+00
7.043394543218291365e+05 3.669868351148050767e+00 2.418018951834322472e+00
6.764114233953899238e+05 3.669834454733242435e+00 2.415304985778699898e+00
6.646685669016543543e+05 3.669619946306266645e+00 2.409953002045166048e+00
7.129193650031664874e+05 3.669017334426642574e+00 2.398373450481451119e+00
6.659125719565417385e+05 3.668150326241951475e+00 2.383400691512113312e+00
5.844868307365695946e+05 3.666943005339935890e+00 2.363450024442743214e+00
5.187189623109210515e+05 3.665455173740019390e+00 2.339232061105853244e+00
4.682859196715830476e+05 3.663568272566090300e+00 2.309328122822936535e+00
4.177625840901898337e+05 3.660993509569078430e+00 2.268944631879107554e+00
3.764168407512745471e+05 3.657371866132320015e+00 2.212206424840661434e+00
3.524944694571376895e+05 3.651348911655206475e+00 2.118544989217260976e+00
1.899479546907540062e+05 3.644038102876789864e+00 2.004667160693862638e+00
1.410396539456140308e+05 3.647040631580265924e+00 2.050924126967043293e+00
