# # dt (years), log_Teff/K, log_g/(cm/s^2)
4.950365122115466744e+06 3.794962385491088774e+00 3.999504648919080640e+00
1.720917599331025500e+06 3.800768549283969122e+00 3.991229668529697072e+00
6.721109154361883411e+05 3.805922810262976963e+00 3.982603096528736231e+00
3.200851151981680305e+05 3.808791306193288317e+00 3.976076068986904577e+00
2.166891827712702798e+05 3.809213062615789624e+00 3.974073347611517537e+00
2.689293186549875536e+05 3.808382562343555211e+00 3.971298413602630362e+00
5.240314936459943419e+05 3.807176236046514006e+00 3.962128159699823904e+00
8.023917272850393783e+05 3.806297758711000956e+00 3.955531189795742808e+00
1.207799904378671432e+06 3.805646125666934942e+00 3.951368994732237017e+00
1.391065983225088799e+06 3.805055641633067864e+00 3.947656989410996076e+00
1.271096476038853871e+06 3.804480911995448356e+00 3.944045334278790449e+00
1.377819782332786825e+06 3.803910827583277143e+00 3.940340180852141216e+00
1.927425699303994887e+06 3.803376710346320522e+00 3.936876559047693291e+00
1.381340360687871231e+06 3.802876247127453091e+00 3.933633022693571402e+00
6.718155913632556621e+04 3.603095197016849660e+00 1.465372194689729790e+00
6.399982228054386360e+04 3.602227698873592843e+00 1.451281194270203967e+00
6.089601626186332578e+04 3.600788502798477175e+00 1.428537600010411079e+00
5.716991949284906150e+04 3.599314556508329765e+00 1.404920820759665290e+00
5.324343388863573637e+04 3.599191616579679120e+00 1.402554216137485321e+00
5.124467225838804734e+04 3.597891678435181095e+00 1.381987620921663273e+00
5.202401308917422284e+04 3.596855400517161794e+00 1.365080064371068769e+00
5.049503841233848652e+04 3.595855618324733438e+00 1.348931448847632275e+00
4.777538792300457135e+04 3.594706724314833846e+00 1.330482535805131983e+00
4.425144299011646217e+04 3.592849132373360010e+00 1.301125182470823649e+00
4.312817237810210645e+04 3.591784464035344904e+00 1.284513561266433124e+00
4.049886923325397220e+04 3.591308798729153207e+00 1.276448629434925541e+00
3.973480599582415743e+04 3.591014213322047066e+00 1.271175350790487490e+00
3.987157200349131017e+04 3.589977046719383669e+00 1.254669263820749281e+00
3.836291038254847081e+04 3.588407652930357017e+00 1.229919588013914211e+00
3.688045045447540178e+04 3.587984300077857291e+00 1.222782406242989728e+00
3.588795474626505893e+04 3.587003034837155102e+00 1.207646504585345060e+00
3.360980266898503760e+04 3.586357375202249731e+00 1.197087192879042306e+00
3.092331141181718340e+04 3.585991557806146979e+00 1.190971489642858927e+00
3.116523957663492183e+04 3.584713459816041503e+00 1.170811998998114944e+00
3.017076248419148033e+04 3.584917282488089718e+00 1.173697600502092708e+00
3.181594690523717873e+04 3.583141720903320948e+00 1.146023712550207740e+00
2.919740598765912728e+04 3.582802484533141207e+00 1.140418116883564092e+00
2.898925868655008162e+04 3.581670969134625349e+00 1.122843440010875993e+00
2.746530674092269692e+04 3.580925945384559217e+00 1.111059653677255010e+00
2.556852965171928736e+04 3.580379996659121211e+00 1.102284258661989869e+00
2.472352615680533199e+04 3.579635217672290093e+00 1.090613614878222171e+00
2.440829664088985373e+04 3.579128367049210446e+00 1.082456552332958122e+00
2.457507260473874703e+04 3.578323679783856459e+00 1.070139477195325872e+00
2.381175320200714850e+04 3.578319952228524947e+00 1.069617551575603231e+00
2.384613194370546262e+04 3.577256237475882727e+00 1.052785990705395136e+00
2.206275447014464226e+04 3.577366996130792121e+00 1.054043973491205044e+00
2.255977259540125306e+04 3.576327146110848343e+00 1.037987616230313659e+00
2.205145552656053405e+04 3.576010631920626182e+00 1.033213160623291715e+00
2.000236208228232135e+04 3.576366431750180652e+00 1.038139979346851538e+00
2.155699777022479248e+04 3.575273177293693649e+00 1.020893103554147752e+00
2.107868309955279256e+04 3.574528359260693122e+00 1.009289531349508051e+00
1.937715600709849241e+04 3.573901333597854002e+00 9.995487041234638603e-01
1.831254143076573018e+04 3.573269273931245937e+00 9.898213899482956046e-01
1.801007537188793503e+04 3.572633978229287521e+00 9.798236482030185934e-01
1.809813770856785777e+04 3.571990253151230199e+00 9.696411574161849511e-01
1.739818764433989054e+04 3.571397380913298836e+00 9.603748156107034806e-01
1.678742737053018209e+04 3.570815140424481005e+00 9.512998762859934399e-01
1.646866895550446134e+04 3.570216688376835368e+00 9.419947918643692963e-01
1.625775633418965663e+04 3.569613892964581314e+00 9.326964650180009642e-01
1.550723946581642485e+04 3.569061688327613613e+00 9.242850673558304919e-01
1.519863936767702762e+04 3.568502923050275832e+00 9.155082408340237121e-01
1.496655118069459968e+04 3.567960111468694517e+00 9.068821183534226948e-01
1.491433935827416826e+04 3.567344950509680590e+00 8.978087157951919473e-01
1.430653870291189560e+04 3.566837284935598262e+00 8.898456845390424474e-01
1.409596120596332366e+04 3.566293102351720812e+00 8.813849439140951647e-01
1.369236104906295259e+04 3.565763027916419414e+00 8.733016166041690509e-01
1.357054211960386965e+04 3.565233082026368905e+00 8.649939937865659401e-01
1.325840861852703529e+04 3.564692152517419110e+00 8.569196230534383840e-01
1.292992689810279990e+04 3.564184348292220861e+00 8.490609611086730180e-01
1.288827510009215257e+04 3.563653755833935843e+00 8.408790399994602316e-01
1.255583538909016170e+04 3.563154710313669149e+00 8.331870898282008886e-01
1.227533996056722208e+04 3.562628525557969272e+00 8.254221907951467818e-01
1.196674676583244400e+04 3.562147653567268257e+00 8.179323116621736167e-01
1.179147138068517597e+04 3.561647230538654618e+00 8.103199209446505513e-01
1.149835691721208241e+04 3.561176684966112393e+00 8.030454135754402367e-01
6.836762211151841257e+03 3.561270625879554341e+00 8.043792539291847454e-01
4.165139077879785873e+03 3.561366243916051832e+00 8.056895910228721869e-01
9.964291482633570922e+03 3.560236781823785446e+00 7.886603218946706129e-01
1.090725340732185396e+04 3.559742921847050212e+00 7.814067688928889588e-01
1.077317587583333261e+04 3.559303423179124515e+00 7.745577765845383933e-01
1.039674856419309799e+04 3.558863066401687369e+00 7.679424498498396146e-01
1.032991011048634755e+04 3.558399547155256748e+00 7.608277868012754963e-01
1.025481723844053704e+04 3.557929805484631114e+00 7.537867118215872964e-01
1.004241540505543344e+04 3.557490101211374878e+00 7.470548799006365703e-01
9.817942032119817668e+03 3.557060522999747842e+00 7.404075287206215439e-01
9.679124593223903503e+03 3.556613172528840128e+00 7.336795342257619312e-01
9.580238079323664351e+03 3.556171510993685114e+00 7.269059072296096824e-01
9.440560079040862547e+03 3.555721986237895482e+00 7.202383781305389254e-01
9.367821413927362300e+03 3.555281050662012721e+00 7.135039545913839376e-01
9.174798589490483209e+03 3.554871567814169353e+00 7.071245102765389978e-01
9.168265908193785435e+03 3.554410594395660539e+00 7.002755682524994807e-01
8.968968032671242327e+03 3.553995199729290455e+00 6.939384628977628422e-01
8.763711314417121685e+03 3.553593199571718042e+00 6.877053189546459278e-01
8.684877876253454815e+03 3.553150798287030732e+00 6.811620628193226779e-01
8.561270918896268995e+03 3.552741824778828050e+00 6.748808641192581836e-01
8.349090203976766134e+03 3.552345470999080934e+00 6.688254171115085578e-01
8.231965605528715969e+03 3.551928368790803869e+00 6.626054927971960495e-01
8.123952832461231992e+03 3.551530482559777546e+00 6.564794025417868273e-01
8.036031390214719067e+03 3.551130412054449792e+00 6.503671264370777250e-01
7.919589469352938067e+03 3.550723988053652302e+00 6.443127031343341971e-01
7.855363105436435035e+03 3.550327090535023711e+00 6.382239719851684479e-01
7.637787171087493334e+03 3.549956229835532717e+00 6.325688265259752363e-01
7.573606344569027897e+03 3.549553300476445905e+00 6.265672733695929475e-01
7.431475562936632741e+03 3.549185900057228782e+00 6.208692603407952593e-01
7.344050959380921086e+03 3.548796660086061205e+00 6.150344352757066702e-01
7.188631678775412183e+03 3.548437026154165785e+00 6.095001257745668033e-01
7.145348511157999383e+03 3.548043887758030035e+00 6.036632348797962289e-01
7.005458987554433406e+03 3.547688138488427345e+00 5.981934833951335628e-01
6.962624548029340986e+03 3.547315799030711148e+00 5.925135857851480115e-01
6.842723433777001446e+03 3.546946421411222516e+00 5.870230669699694204e-01
6.786125949047573158e+03 3.546585045716491802e+00 5.814611756673517817e-01
6.636244339960187062e+03 3.546235328340122450e+00 5.761834314676823610e-01
6.583153610878861400e+03 3.545876746725516782e+00 5.706910604353437888e-01
6.511999846807940230e+03 3.545509133056851780e+00 5.652569103415266971e-01
5.193673451166512677e+03 3.545425294154491702e+00 5.638143535542127216e-01
2.674037077721085097e+03 3.545723945251302300e+00 5.680897325201766934e-01
5.962757099368787749e+03 3.544699773455008529e+00 5.530209526842814194e-01
6.185455039443567330e+03 3.544377373775355000e+00 5.482373758157295107e-01
6.126332058142555070e+03 3.544065727868445315e+00 5.433338860647538571e-01
6.087069885244728539e+03 3.543717250883384295e+00 5.381497858698806036e-01
5.995100491008400240e+03 3.543392864572826984e+00 5.331667462480252917e-01
5.907154732111270278e+03 3.543059049826625451e+00 5.281419912486466917e-01
5.833069885967629489e+03 3.542732668974575283e+00 5.231345005043953611e-01
5.018150433515398618e+03 3.542572755416012686e+00 5.206881759508262819e-01
2.504274633100007577e+03 3.542927866046238439e+00 5.257346398746010063e-01
5.493267267691723646e+03 3.541910743400409345e+00 5.109067440976308161e-01
5.751669343982092869e+03 3.541600743515545879e+00 5.061831571399462160e-01
5.745604900105159686e+03 3.541258925621505682e+00 5.011991536143916015e-01
5.750554916324076657e+03 3.540904696504072025e+00 4.959966540044713490e-01
5.632286105966198193e+03 3.540594014220670882e+00 4.912399648737351132e-01
5.620632176324441389e+03 3.540257458808635516e+00 4.861108616822653605e-01
5.657044879658803438e+03 3.539908661537859214e+00 4.808345365558922002e-01
5.523294007283933752e+03 3.539586440072137297e+00 4.760614641772751843e-01
5.355609624546164014e+03 3.539285307222680643e+00 4.714779239141326239e-01
5.284091892032208307e+03 3.538949645146241885e+00 4.665802488885831822e-01
3.980371663477591028e+03 3.538967283699836930e+00 4.666663793378092451e-01
5.350477559442198981e+03 3.538305567739684410e+00 4.570065897020189061e-01
5.189879680286625444e+03 3.538016920391047204e+00 4.527448326777206433e-01
5.147781755536931087e+03 3.537697643752191201e+00 4.479343368600813835e-01
5.106457436746469284e+03 3.537376923141220875e+00 4.431666755890274478e-01
5.053346626919647861e+03 3.537052729482944358e+00 4.384031477371348462e-01
4.968245146030420074e+03 3.536751797758039384e+00 4.338504904147653107e-01
4.933351864062632558e+03 3.536440429035551336e+00 4.291336035422527728e-01
4.603775986559818193e+03 3.536199317642657824e+00 4.255389905131425898e-01
4.415769691230659191e+03 3.535941111106369217e+00 4.215973291698105196e-01
4.377024028593037656e+03 3.535635641268660478e+00 4.172078652413421795e-01
4.340005305793310981e+03 3.535346028316104228e+00 4.129542686549178554e-01
4.286103885895307940e+03 3.535063143975035960e+00 4.087852327819916365e-01
4.235357008109654998e+03 3.534788994167076925e+00 4.046832583570985631e-01
4.216801255772954391e+03 3.534495512813327966e+00 4.004490074562409019e-01
4.155592299443420416e+03 3.534229671222245184e+00 3.964652234663562091e-01
4.164600144587306204e+03 3.533943412980361742e+00 3.922032655890509423e-01
4.121003833931455119e+03 3.533697453491669194e+00 3.882915158678302281e-01
4.091456177623772874e+03 3.533426992981107961e+00 3.842230533856411667e-01
4.068029443418336541e+03 3.533139077096918435e+00 3.801003379321884479e-01
4.141493813210763619e+03 3.532837135693390973e+00 3.756283195842022860e-01
4.162087088938637862e+03 3.532544709687762463e+00 3.713413493195284465e-01
4.114986288235808388e+03 3.532260238222939108e+00 3.672538335041876101e-01
4.085287515927952882e+03 3.531987954790910322e+00 3.631384761319224608e-01
4.056104210958568274e+03 3.531702448146496920e+00 3.590043271974517891e-01
4.024994996592140978e+03 3.531434805466153293e+00 3.549631187442199853e-01
3.948976369845210229e+03 3.531164885121838015e+00 3.510663632155024416e-01
3.946705845096630128e+03 3.530883069677903663e+00 3.469089478735509213e-01
3.907260201506017893e+03 3.530623239083254816e+00 3.430051285796286709e-01
3.889631938201998764e+03 3.530378236342662124e+00 3.390784990370122043e-01
3.843445823153966558e+03 3.530100315545923628e+00 3.351246175702524699e-01
3.838226437336934396e+03 3.529826122815958644e+00 3.310633154610594930e-01
2.356292246855096437e+03 3.530110894583903036e+00 3.349075237820051121e-01
3.766286714942989875e+03 3.529345211224331980e+00 3.241945598721625577e-01
2.399607814226240862e+03 3.529573782398943926e+00 3.274612246893163214e-01
7.863034885656545612e+02 3.529965092581039521e+00 3.329714255372677179e-01
6.663298851385836770e+02 3.530010827068420731e+00 3.335938598882623451e-01
1.658041979788040862e+03 3.529457113679937752e+00 3.256187450483787882e-01
3.544668498029420334e+03 3.528651244587198477e+00 3.139429091612652156e-01
3.666162251402135098e+03 3.528427065577419253e+00 3.107648712186176776e-01
3.644265896548139608e+03 3.528216701835058089e+00 3.073779438484016691e-01
3.612830310372857184e+03 3.527978766489145102e+00 3.038313852784085278e-01
3.590121662180884414e+03 3.527732878264596472e+00 3.001976641982472827e-01
3.620255015286134039e+03 3.527473015253387523e+00 2.963470309955988924e-01
3.559096367680823278e+03 3.527234734254922177e+00 2.928926059039455576e-01
3.530487435980875489e+03 3.526981092298063558e+00 2.892953085828237070e-01
3.004184135286218861e+03 3.526909260773174015e+00 2.881077594620221061e-01
3.514965117322308288e+03 3.526545020737424263e+00 2.827786953457322450e-01
3.485798075566842272e+03 3.526324533047559662e+00 2.795756218467534970e-01
3.503141655197454838e+03 3.526100364185564384e+00 2.762549297357950184e-01
3.499357109288162519e+03 3.525895129973743991e+00 2.732584351963686098e-01
8.876854388880003626e+02 3.526746108441242811e+00 2.852729211989930014e-01
1.533920438398462920e+03 3.526411651681099713e+00 2.802676446091465490e-01
2.761056789117235439e+02 3.526822982404242079e+00 2.859989412302645917e-01
1.656634073470340525e+02 3.526931287716775998e+00 2.875172419379784516e-01
9.939804440822042864e+01 3.527049461882799442e+00 2.891726720176940324e-01
1.628537559584284011e+01 3.527152411601381932e+00 2.906134438258503594e-01
5.336391875245784178e+00 3.527184797489035351e+00 2.910662312010691144e-01
2.210488299683403213e+00 3.527197601121759618e+00 2.912450755684151127e-01
1.292360318276753350e+00 3.527204548451646549e+00 2.913420451050601767e-01
8.671636174931318664e-01 3.527209101907266220e+00 2.914057238828516305e-01
6.268928707167805703e-01 3.527212209684976951e+00 2.914489861817258221e-01
4.740990899143358028e-01 3.527214353941152236e+00 2.914788606452820563e-01
3.697476289357146118e-01 3.527215944576607143e+00 2.915009950788239323e-01
2.945756022565920729e-01 3.527217150943341206e+00 2.915177708120383349e-01
2.383177185424883160e-01 3.527218087700392246e+00 2.915307873372991465e-01
1.949929071553985205e-01 3.527218827030127013e+00 2.915410529114661475e-01
1.609468216490694548e-01 3.527219417539108726e+00 2.915492469287746524e-01
1.336824293648209983e-01 3.527219894012230572e+00 2.915558551173160762e-01
1.116049062635314920e-01 3.527220281981889638e+00 2.915612336202547117e-01
9.354644092518060727e-02 3.527220600514878512e+00 2.915656482655316628e-01
7.864870339113248787e-02 3.527220864027873048e+00 2.915692998785106571e-01
6.628764315189651646e-02 3.527221083527849910e+00 2.915723416608290708e-01
5.598142257340511796e-02 3.527221267471996935e+00 2.915748912576077156e-01
4.735011818060358424e-02 3.527221422423935770e+00 2.915770397838566286e-01
4.011119190575683502e-02 3.527221553556263434e+00 2.915788589872489456e-01
3.401441085933005343e-02 3.527221664929476752e+00 2.915804050388133284e-01
2.887558177181082444e-02 3.527221759780319044e+00 2.915817225429630510e-01
2.453520391573901782e-02 3.527221840720692114e+00 2.915828474364425826e-01
2.086690261596789789e-02 3.527221909872443550e+00 2.915838087064325235e-01
1.776146597182974921e-02 3.527221968978666133e+00 2.915846300569289729e-01
1.513001915692719843e-02 3.527222019491092375e+00 2.915853307341710887e-01
1.289902287957437992e-02 3.527222062590483986e+00 2.915859272781646250e-01
1.100713501553420882e-02 3.527222099338648498e+00 2.915864329268481603e-01
9.400962556260970132e-03 3.527222130598394401e+00 2.915868589827384505e-01
8.036296795314968461e-03 3.527222157121863155e+00 2.915872149817904657e-01
6.875868182005905396e-03 3.527222179565701055e+00 2.915875089778605100e-01
5.889988715263628355e-03 3.527222198500626238e+00 2.915877478939030709e-01
5.050508976284240510e-03 3.527222214439109660e+00 2.915879374763134524e-01
4.335755324728186345e-03 3.527222227833404222e+00 2.915880826346507471e-01
3.726586222203570262e-03 3.527222239083677380e+00 2.915881875897717856e-01
3.204942524478063097e-03 3.527222248559793272e+00 2.915882558134714753e-01
2.767183634198109709e-03 3.527222256609463535e+00 2.915882900904403496e-01
2.388164284626377934e-03 3.527222263524223855e+00 2.915882930845181131e-01
2.065520834539135223e-03 3.527222269611156147e+00 2.915882664477260078e-01
1.789506549763856570e-03 3.527222275125274642e+00 2.915882117695007825e-01
1.553856741825326805e-03 3.527222280345952754e+00 2.915881298960282808e-01
1.351111670379539749e-03 3.527222285484714170e+00 2.915880219474187851e-01
1.179446808236316643e-03 3.527222290846845798e+00 2.915878875264989456e-01
1.031522028239534186e-03 3.527222296606590923e+00 2.915877272905793016e-01
9.047716687132677715e-04 3.527222303034991402e+00 2.915875404121183734e-01
7.963331009582275436e-04 3.527222310396990412e+00 2.915873259353121139e-01
7.035236023205255476e-04 3.527222318902365039e+00 2.915870829573740663e-01
6.238975874584933023e-04 3.527222328842180232e+00 2.915868094926967746e-01
5.553541487913509671e-04 3.527222340456372951e+00 2.915865037580706587e-01
4.967498735865773143e-04 3.527222354071950949e+00 2.915861626757388914e-01
4.468643710009293011e-04 3.527222370018345821e+00 2.915857829316613747e-01
4.045673521308727370e-04 3.527222388664942088e+00 2.915853599084992087e-01
3.687744269490994369e-04 3.527222410414953657e+00 2.915848884794092766e-01
3.388896705376158165e-04 3.527222435754727936e+00 2.915843618014282712e-01
3.144593618976472180e-04 3.527222465307629395e+00 2.915837708765478542e-01
2.950810110347481369e-04 3.527222499714230963e+00 2.915831057907440349e-01
2.806739372967756766e-04 3.527222539829866665e+00 2.915823517595590997e-01
2.713998771531903271e-04 3.527222586776409763e+00 2.915814900505879215e-01
2.678741745861240174e-04 3.527222641914417256e+00 2.915804952388323379e-01
3.614186810873269598e-04 3.527222730823717622e+00 2.915789044532924867e-01
5.939164684878485553e-04 3.527222871194292786e+00 2.915763278003517533e-01
1.477854226867683727e-03 3.527223127998384111e+00 2.915699505133322322e-01
3.294767977239928614e-04 3.527223091796713117e+00 2.915712709607234387e-01
1.976860786343958198e-04 3.527223153152489576e+00 2.915695010122033581e-01
1.708007719401179517e-04 3.527223192264412610e+00 2.915681750033674580e-01
8.854312017375707677e-05 3.527223219064703930e+00 2.915669623786923959e-01
7.650125583012625343e-05 3.527223226969431025e+00 2.915664902664173441e-01
1.903596049072193920e-04 3.527223237029181835e+00 2.915657034243283041e-01
9.868241918390266486e-05 3.527223240495582779e+00 2.915652924894628351e-01
2.455534373036882411e-04 3.527223243388047269e+00 2.915643353992816156e-01
1.060790849151933786e-04 3.527223241258544473e+00 2.915637283611127173e-01
1.099827952400724338e-04 3.527223236521948024e+00 2.915631440874471569e-01
2.736723890517771002e-04 3.527223222061623531e+00 2.915621908341783919e-01
1.418717664844411407e-04 3.527223211536655079e+00 2.915617009901244616e-01
1.470926474910686356e-04 3.527223188914492269e+00 2.915608832566397579e-01
1.830067883024877556e-04 3.527223154284619966e+00 2.915599312562962564e-01
1.317648875777911927e-04 3.527223131926060962e+00 2.915594119088765201e-01
1.366138354406539683e-04 3.527223105374519996e+00 2.915588598967602252e-01
1.416412245848699557e-04 3.527223075929596607e+00 2.915583103296104928e-01
1.468536216495930878e-04 3.527223037050597032e+00 2.915576632953379987e-01
3.045156698525963994e-04 3.527222987509109675e+00 2.915569321189978580e-01
6.577538468816078801e-05 3.527222920012123453e+00 2.915560635551365243e-01
1.363918376893702650e-04 3.527222895838380889e+00 2.915557708455657204e-01
3.393865375592135659e-04 3.527222834517912631e+00 2.915550770003694225e-01
5.525579302828035515e-04 3.527222698551001123e+00 2.915537595456025310e-01
5.318612660941319809e-04 3.527222554983641345e+00 2.915525546116473077e-01
3.162711308766535576e-04 3.527222453987763462e+00 2.915517877628654997e-01
6.232822324973055468e-04 3.527222314108667600e+00 2.915508286047680531e-01
4.478852933709753792e-04 3.527222207267599607e+00 2.915501539784729479e-01
7.360350724720921391e-04 3.527222035721208737e+00 2.915491683585449967e-01
7.208366595188790520e-04 3.527221861955119664e+00 2.915482687514857063e-01
9.744995640636585016e-04 3.527221654884413304e+00 2.915473121673466395e-01
4.683457272962949689e-04 3.527221473618847636e+00 2.915465593264133792e-01
9.711617001215967727e-04 3.527221334780957562e+00 2.915460211919658762e-01
1.094370990900226130e-03 3.527221127997133276e+00 2.915453020791247685e-01
1.302190105132937240e-03 3.527220934473382030e+00 2.915447238241804517e-01
1.441114050541177864e-03 3.527220703536993351e+00 2.915441741905214212e-01
1.410007108539494463e-03 3.527220505128550343e+00 2.915438113800156161e-01
1.911420062185823160e-03 3.527220295157179386e+00 2.915435621661960908e-01
1.851745767417966107e-03 3.527220091031691762e+00 2.915434776588846089e-01
1.100840561295267058e-03 3.527219929997102987e+00 2.915435458591008056e-01
2.282702987901866817e-03 3.527219792547183541e+00 2.915437271667483121e-01
2.542304265831232899e-03 3.527219607976607385e+00 2.915442359007182072e-01
2.501306091917790669e-03 3.527219463922661280e+00 2.915449282228079753e-01
3.345112249658306527e-03 3.527219317167178403e+00 2.915461403858958245e-01
3.255328136969203381e-03 3.527219215844068056e+00 2.915475997068755487e-01
4.405199491427691343e-03 3.527219143768786758e+00 2.915496488534208286e-01
4.261058582058625983e-03 3.527219116893355988e+00 2.915522736308567842e-01
5.065874466843284241e-03 3.527219139345147969e+00 2.915552828250629336e-01
5.611271061914178786e-03 3.527219236395304769e+00 2.915596989475413570e-01
5.501670730712665894e-03 3.527219391276076532e+00 2.915643889512742892e-01
7.454109733137882429e-03 3.527219664762096585e+00 2.915709067318878467e-01
7.204129555985745378e-03 3.527220030000325135e+00 2.915783362154053537e-01
1.033073041552858007e-02 3.527220523309654965e+00 2.915873273525896314e-01
9.491472619835236019e-03 3.527221216876428311e+00 2.915989559855937108e-01
9.371821772843151252e-03 3.527221993655995647e+00 2.916112171416582743e-01
1.256696060578353126e-02 3.527223172903729775e+00 2.916289519866144264e-01
1.227377110883984442e-02 3.527224473160779805e+00 2.916478140344833103e-01
1.664061539064954492e-02 3.527226182874308336e+00 2.916719786277279791e-01
1.615412937508167376e-02 3.527228268568775693e+00 2.917009154372294244e-01
2.310592969979548272e-02 3.527230777836283693e+00 2.917353207257207259e-01
2.116589476713241422e-02 3.527233992408976615e+00 2.917791013879807993e-01
2.088292324941967010e-02 3.527235864510327890e+00 2.918246089013186717e-01
2.799512330869890694e-02 3.527240749949273724e+00 2.918890630712285272e-01
2.733705731982759637e-02 3.527245723936711208e+00 2.919563714612709027e-01
3.706657923992019710e-02 3.527251921664138479e+00 2.920408248414096408e-01
3.599954767409193485e-02 3.527259142213779342e+00 2.921397248632567889e-01
5.150467810997054474e-02 3.527267491448689007e+00 2.922545137156731809e-01
4.720096657153533687e-02 3.527282441785104083e+00 2.923969732510531827e-01
4.658345138702531252e-02 3.527292639831690391e+00 2.925418589530698887e-01
6.248724934260119213e-02 3.527306964686172996e+00 2.927421141163626950e-01
6.107158941607093022e-02 3.527321553657918329e+00 2.929461174580879623e-01
8.265344909389205075e-02 3.527340521877679880e+00 2.932117924838282819e-01
7.987015979616034211e-02 3.527360856124830413e+00 2.934969655984230319e-01
1.144815512318394929e-01 3.527384270439112957e+00 2.938262597014072441e-01
1.052617157731904340e-01 3.527412633283425247e+00 2.942241508109490478e-01
1.248760832007849153e-01 3.527441634442477714e+00 2.946340766451404636e-01
1.382500396823269084e-01 3.527480202184955171e+00 2.951785144839965680e-01
1.356221686140939853e-01 3.527517512615732986e+00 2.957053517115887931e-01
1.839035104065625537e-01 3.527564684382781479e+00 2.963727530018242518e-01
1.780177643015469213e-01 3.527613893549904400e+00 2.970695968952024035e-01
2.407457695365217698e-01 3.527672065001775437e+00 2.978941649730543761e-01
2.331250543737292402e-01 3.527736471048136480e+00 2.988072215719410063e-01
2.775216811956175422e-01 3.527802142887864534e+00 2.997381171345627759e-01
3.081741742399653483e-01 3.527910461334511805e+00 3.009657658009459724e-01
3.029957397841640532e-01 3.527994856332930418e+00 3.021640780514713853e-01
4.056240816613549405e-01 3.528110680696165957e+00 3.037863571094808757e-01
3.956546300183620968e-01 3.528227667221674135e+00 3.054283895428506201e-01
5.363481097943347820e-01 3.528371980514556139e+00 3.074636733685469081e-01
5.209880130864208425e-01 3.528538231224539690e+00 3.098585788591223245e-01
6.210138192056179340e-01 3.528719970697621111e+00 3.124535962577847381e-01
6.895818309179460037e-01 3.528998116050013234e+00 3.161207762573556290e-01
6.777440101354406110e-01 3.529270324726625940e+00 3.198968320172352331e-01
9.229804058513435550e-01 3.529628327240114327e+00 3.250243072447678849e-01
8.931991879419854952e-01 3.530041815226431456e+00 3.307718337723193347e-01
1.206974280398992905e+00 3.530561764915094880e+00 3.380132975064387146e-01
1.166797950131102990e+00 3.531168860441026514e+00 3.464741615480610992e-01
1.387394228979048627e+00 3.531784282441161160e+00 3.554301288266426551e-01
1.537557225066595867e+00 3.532665763427894401e+00 3.676005082974223570e-01
1.508581887092866669e+00 3.533518952910039701e+00 3.795269706529033060e-01
2.042973543112328372e+00 3.534614677309069197e+00 3.947799890011535751e-01
1.971760552057976179e+00 3.535747839670679404e+00 4.106559758930515280e-01
2.824389410112557730e+00 3.536955422605736921e+00 4.281112928726833466e-01
2.588897565484271635e+00 3.538407220840511069e+00 4.484806965483479901e-01
2.550788911445267537e+00 3.539762584185278893e+00 4.677755788413591742e-01
3.414148695267263722e+00 3.541516278142785357e+00 4.925874226028064129e-01
3.318059237913271620e+00 3.543133142215671327e+00 5.158420444197484578e-01
4.485706158982822878e+00 3.544992156616527446e+00 5.420311218816833421e-01
4.325063431754695209e+00 3.546878286267484359e+00 5.693945261437159955e-01
4.265299282170716744e+00 3.548662396728545332e+00 5.944877811452552452e-01
5.716518073096605868e+00 3.550779771260072160e+00 6.257397641231999819e-01
5.538940635046738947e+00 3.552783638149851875e+00 6.541967004234435779e-01
6.590145801730980857e+00 3.554655754161452297e+00 6.812627929008896466e-01
7.312322211272018535e+00 3.556947010768804152e+00 7.140392574500918910e-01
7.199483334805151458e+00 3.558960147684432584e+00 7.431367943720610381e-01
9.572827286455657614e+00 3.561385785917385860e+00 7.785887639920890946e-01
9.201021931093892547e+00 3.563561672404238490e+00 8.099771288368232680e-01
1.315573437712896165e+01 3.565737409371982469e+00 8.417694398244088827e-01
1.184572465017934739e+01 3.568086223400409818e+00 8.758129358857695834e-01
1.154447993510209614e+01 3.570161390726336759e+00 9.057068263091455629e-01
1.142299655530801594e+01 3.571977083727333468e+00 9.327995973535158081e-01
1.525157677036164650e+01 3.574203766962790407e+00 9.659032273325951490e-01
1.467542198749173998e+01 3.576186144034573910e+00 9.953989329724816093e-01
1.437915270312611860e+01 3.578009405754984940e+00 1.021854397905930911e+00
2.061839202189359810e+01 3.579834626993586344e+00 1.049119198626463634e+00
1.862887957639595271e+01 3.581798820805215389e+00 1.078642512351926319e+00
1.788787557465578715e+01 3.583588794171339575e+00 1.104593484579176277e+00
1.749491513931011966e+01 3.585144190288545918e+00 1.128023707195895176e+00
1.729845181179430824e+01 3.586606650670382646e+00 1.149550717385957821e+00
1.722401254135115778e+01 3.587960588144852192e+00 1.169643490886249193e+00
2.479043407402533461e+01 3.589383608419054017e+00 1.190896909971333573e+00
2.226032606656052337e+01 3.590975686975866221e+00 1.214230818829004077e+00
2.120195859249245274e+01 3.592320043293822707e+00 1.234924483643408566e+00
2.985849165857296938e+01 3.593707354214088046e+00 1.256012900670042454e+00
7.429748196386030656e+01 3.596662848846094107e+00 1.299475273496928596e+00
1.848759103203127268e+02 3.602535635125205804e+00 1.388030126347319149e+00
4.600304251682406402e+02 3.612568841543136067e+00 1.539767138719151163e+00
9.955170787671429480e+02 3.625913831564180345e+00 1.740803158759541169e+00
1.893505389377053689e+03 3.638755485941169709e+00 1.944241425056665529e+00
3.709682086413672096e+03 3.651967793351665659e+00 2.151153415118240542e+00
7.676029209885854470e+03 3.667003821261962226e+00 2.402950522967795877e+00
1.446972052465498564e+04 3.667206657112676016e+00 2.432442449243343852e+00
2.356765441000993451e+04 3.655197836025975811e+00 2.221052285688241312e+00
1.767574080750747044e+03 3.655213940625756219e+00 2.219251880764201434e+00
3.181633345351344246e+02 3.655263345557839827e+00 2.219836423691170957e+00
9.751851859113324394e+01 3.655278615133495723e+00 2.220026688735938336e+00
3.457044779087701869e+01 3.655283522952539776e+00 2.220088886281619267e+00
2.182886737701448610e+01 3.655285945698464989e+00 2.220119887946002013e+00
1.730800754876497649e+01 3.655287774005597790e+00 2.220143438149871695e+00
1.548986484512564665e+01 3.655289352265663094e+00 2.220163830161298701e+00
1.480814474558595606e+01 3.655290873494656978e+00 2.220183556581907691e+00
2.437780013360547571e+01 3.655293085433764855e+00 2.220212341804722822e+00
6.065976762845316017e+01 3.655298526288371708e+00 2.220283039368718292e+00
5.457065151887581322e+01 3.655309067586209437e+00 2.220418809917042324e+00
3.998143594096594455e+01 3.655318378670203039e+00 2.220538360272438450e+00
3.375573601310538407e+01 3.655326720591783651e+00 2.220645679711700016e+00
3.025072868001158710e+01 3.655334660832453952e+00 2.220748232511223996e+00
2.877502492807348489e+01 3.655342571545537655e+00 2.220850911957105378e+00
2.777844055804317236e+01 3.655350545551646846e+00 2.220954913483637050e+00
3.306914798623019891e+01 3.655359035170080428e+00 2.221065934928927899e+00
3.571211484560888039e+01 3.655370504343385729e+00 2.221216788627711214e+00
3.444158278573163301e+01 3.655381766470187976e+00 2.221365944105305523e+00
3.396900066801131146e+01 3.655393165136590294e+00 2.221517900843618332e+00
4.593301876835379005e+01 3.655407214001773486e+00 2.221706434310492639e+00
4.388528177655783935e+01 3.655423164759017851e+00 2.221921846586852212e+00
4.276838042176041910e+01 3.655438943279091024e+00 2.222135977682914820e+00
5.102906111944322021e+01 3.655455472353795532e+00 2.222361014540447766e+00
5.608101198602133053e+01 3.655477474799824655e+00 2.222661015519726835e+00
5.361111455580567764e+01 3.655498493621257339e+00 2.222947306507987886e+00
5.243862182935687599e+01 3.655519028108845880e+00 2.223225919869923128e+00
5.185004351730692207e+01 3.655539288036687484e+00 2.223498742885642532e+00
5.160202638668080510e+01 3.655559461603237192e+00 2.223768561626457529e+00
6.961299561759105359e+01 3.655585084339192381e+00 2.224108417640750623e+00
1.170883231371490325e+02 3.655619099137816352e+00 2.224554634432965194e+00
2.913532162286307425e+02 3.655703580697646782e+00 2.225644397602725810e+00
7.249800350060265828e+02 3.655947547713891410e+00 2.228820887696922881e+00
1.803982320706194514e+03 3.656862851429153238e+00 2.242173181248137137e+00
4.488885288259638401e+03 3.660057447369819084e+00 2.291714892766576472e+00
1.116978304048220343e+04 3.667020473835949090e+00 2.402663970218478884e+00
2.779399453529270977e+04 3.671784410666641296e+00 2.490888385913277325e+00
2.785878577488333576e+03 3.668357843741607116e+00 2.432584629690254907e+00
6.964696443720831667e+02 3.668121686465918518e+00 2.428393126898405363e+00
1.520360104194873827e+02 3.668075075415290875e+00 2.427573715011825950e+00
7.201482662510046850e+01 3.668058229069130594e+00 2.427276696384863097e+00
5.653678982621676141e+01 3.668029046018974615e+00 2.427078738477649100e+00
7.953888784586251859e+01 3.668017975217074955e+00 2.426879600435884132e+00
1.571276424653671597e+02 3.667999060710191550e+00 2.426532703736571595e+00
1.418114389209987394e+02 3.667974541854300607e+00 2.426063134072399485e+00
1.052897767556710846e+02 3.667958629077060273e+00 2.425745084116081696e+00
9.016579305659639942e+01 3.667946336534332108e+00 2.425492541839554761e+00
8.070273659052483595e+01 3.667935885808232488e+00 2.425273729186768534e+00
7.500341081856213066e+01 3.667926490765722747e+00 2.425074399293155825e+00
7.246326172944870336e+01 3.667917644391846643e+00 2.424884998856390084e+00
7.168268645414165974e+01 3.667908967691738464e+00 2.424698088892927927e+00
9.709521035224284446e+01 3.667897870674281524e+00 2.424457943338821142e+00
9.279417779675890188e+01 3.667886109136802020e+00 2.424202648954849604e+00
9.078169400051308457e+01 3.667874336495024590e+00 2.423946625491655738e+00
1.082836777763721443e+02 3.667861735080057528e+00 2.423672114152289669e+00
1.191989600202485917e+02 3.667844326331055171e+00 2.423291839621284360e+00
2.966051561975847335e+02 3.667811060257000655e+00 2.422559516331798779e+00
7.380485422695741136e+02 3.667711630073618334e+00 2.420297306313229591e+00
1.836500948700227127e+03 3.667473711017619653e+00 2.413979795824727326e+00
4.569802040669745111e+03 3.667740439715909684e+00 2.412820363169059235e+00
1.137112981383934130e+04 3.670992982759406775e+00 2.461335669766740786e+00
2.829500973837268612e+04 3.675908524614039941e+00 2.549450276927494041e+00
1.237338530430600622e+04 3.670005882459282720e+00 2.459240499640263700e+00
9.280038978229506483e+02 3.669072103065350365e+00 2.443629283355787329e+00
5.345302451460192970e+02 3.668860428794048278e+00 2.439993487526266769e+00
2.368174318357062873e+02 3.668777435134865872e+00 2.438555725197895985e+00
3.914178687710232225e+02 3.668699848371259620e+00 2.437196631065319252e+00
3.472506789236081772e+02 3.668587861767658165e+00 2.435204279291694363e+00
2.612462762940432413e+02 3.668492735120269188e+00 2.433653821216652080e+00
2.210402476375682284e+02 3.668409286422201543e+00 2.432271994876187726e+00
1.960155701802092949e+02 3.668339310442984225e+00 2.430955267050688207e+00
2.692649270934790025e+02 3.668261963802438963e+00 2.429476045658261363e+00
6.700173033852450999e+02 3.668068656899064361e+00 2.425655927324593009e+00
1.667217456359573362e+03 3.667577812461637166e+00 2.415133031684588261e+00
4.148570541008654800e+03 3.667274660848672152e+00 2.403984025981551476e+00
1.032297104860264699e+04 3.670428277653959181e+00 2.451370782240240409e+00
2.568685531965891641e+04 3.674150904678950447e+00 2.520600833115505424e+00
3.195855791450686957e+04 3.669591786573853653e+00 2.450653051242832614e+00
4.793783687176026433e+03 3.667332416514922588e+00 2.413904611650591114e+00
8.628810636916847443e+02 3.666915177787582802e+00 2.406743140935228453e+00
1.491058478059230993e+03 3.666671070892857820e+00 2.402233934344686794e+00
3.710230632124346357e+03 3.666020674501102583e+00 2.388570719873322368e+00
9.232241086527656080e+03 3.667551723303434041e+00 2.408395507487562703e+00
7.976656298759891797e+03 3.670454473931178185e+00 2.456801631460284518e+00
9.924236700665107492e+03 3.671963265209554628e+00 2.485108718153163476e+00
1.714908101874928616e+04 3.671972290031613628e+00 2.486650229940703838e+00
1.481680600019937992e+04 3.671389246039321819e+00 2.477519245395385816e+00
6.400860192086136522e+03 3.670961684622477073e+00 2.469466569250033494e+00
1.920258057625841730e+03 3.670945350042649657e+00 2.468670950957917221e+00
1.382585801490604808e+03 3.670969147492462170e+00 2.468812682414283977e+00
9.954617770732355666e+02 3.670997823135925486e+00 2.469130724821460898e+00
4.300394876956376038e+02 3.671020620619017460e+00 2.469417472891689336e+00
3.096284311408591066e+02 3.671034048341791589e+00 2.469594275634148683e+00
9.511785404647199016e+01 3.671040103854610770e+00 2.469675492661501881e+00
3.116821841394794035e+01 3.671041939110913255e+00 2.469700260025403882e+00
1.512356006029800604e+01 3.671042600966359704e+00 2.469709209370413383e+00
2.256916527054545796e+01 3.671043329249746634e+00 2.469719068863898581e+00
3.242609393103277426e+01 3.671044412580278138e+00 2.469733757979564182e+00
6.389581621496795094e+01 3.671046306539205606e+00 2.469759504792658600e+00
1.589932374040290028e+02 3.671050543758658247e+00 2.469817408415844628e+00
3.956260524971934842e+02 3.671061448189234966e+00 2.469968199231562078e+00
9.844442189498156495e+02 3.671090692986154203e+00 2.470382926964253656e+00
2.449612238897205771e+03 3.671174473833419327e+00 2.471622846725671341e+00
6.095419126292696092e+03 3.671428661290416784e+00 2.475613286654223977e+00
1.516735332033662962e+04 3.672041475223041029e+00 2.485896677188923487e+00
3.774122861406001175e+04 3.672835155404301499e+00 2.498925662499645650e+00
9.391225398493772082e+04 3.673058153316009822e+00 2.503224861192292039e+00
2.336837398358005157e+05 3.672381237332143389e+00 2.492063780905859005e+00
5.814799235082186060e+05 3.671579331226123788e+00 2.478057922226792886e+00
8.155246320785322459e+05 3.671575655175024711e+00 2.475303095791673957e+00
7.492923666694123531e+05 3.672013409955050545e+00 2.479497109515958364e+00
8.722565751238215016e+05 3.672353843845572285e+00 2.482203166616645529e+00
7.377781357425947208e+05 3.672688256098672444e+00 2.484541191496156820e+00
6.999755192412718898e+05 3.672867098802826025e+00 2.485884108219704292e+00
6.880479310280892532e+05 3.672975064194779815e+00 2.486633874171091829e+00
7.061824887257430237e+05 3.673237607910694535e+00 2.487993587041845700e+00
6.920482000343223335e+05 3.673472594157918714e+00 2.488933726722837747e+00
7.287907383840031689e+05 3.673656153979899308e+00 2.489230684282802919e+00
9.621000333139715949e+05 3.673763480180471941e+00 2.488448020630434243e+00
7.720167762648235075e+05 3.673758625726172067e+00 2.486105642596769361e+00
6.675177949256586144e+05 3.673596457372227952e+00 2.481288445785731600e+00
8.905752556846850784e+05 3.673275348317672773e+00 2.473750062351272927e+00
8.290824048425521469e+05 3.672388358404766073e+00 2.457585709184252565e+00
5.720362950926072663e+05 3.671107089222575226e+00 2.436296619866685553e+00
7.796254400475271977e+05 3.669576413195005937e+00 2.410809754131711280e+00
5.659124579428782454e+05 3.667606940262617243e+00 2.378909466497908465e+00
4.008389159297618899e+05 3.664167607754846845e+00 2.323756539778945474e+00
5.249215204800742213e+05 3.660685268409550996e+00 2.267541647048787912e+00
5.252493460144952405e+05 3.652515773796552345e+00 2.137701262883665798e+00
3.842525699241114780e+05 3.656277369347640693e+00 2.195229151980826021e+00
