# # dt (years), log_Teff/K, log_g/(cm/s^2)
1.410970625759642199e+07 3.815830765574927064e+00 3.992115037482964368e+00
8.961028796393031254e+06 3.817054255462705381e+00 3.980790669967398721e+00
3.226540214587674942e+06 3.824637027014430313e+00 3.987234077969088908e+00
8.380609527485785075e+05 3.843765577961918645e+00 3.993584420512792388e+00
9.242145651978612877e+05 3.842690597732787428e+00 3.987206559531217387e+00
1.072450344809778500e+06 3.841738331764344316e+00 3.981697373245457250e+00
1.200985945417917566e+06 3.840788725606599563e+00 3.976159538608004862e+00
1.345329161037008045e+06 3.839862666021178761e+00 3.970635204947826402e+00
1.510100545866918284e+06 3.839046001056946711e+00 3.965727327660824919e+00
1.312997719526264584e+06 3.838158554094179387e+00 3.960376926040197088e+00
1.278291671160340775e+06 3.837391376771527973e+00 3.955793768789868992e+00
1.270518474547311664e+06 3.836633708280941413e+00 3.951286664728424380e+00
3.161456530585563742e+06 3.835289245525155710e+00 3.943334056356444073e+00
3.277798130911113694e+06 3.832844095593653577e+00 3.929094930085544224e+00
3.398421102128637023e+06 3.830199298365333682e+00 3.914050980061559049e+00
3.523482998686972540e+06 3.827327415333979133e+00 3.898037345946298693e+00
3.653147173038654495e+06 3.824708188352304195e+00 3.883685924450173577e+00
3.787582989006478805e+06 3.821864275751756246e+00 3.868350171297803008e+00
3.926966043001910672e+06 3.818781906504078449e+00 3.851950322311401997e+00
4.071478393384382594e+06 3.815971765363658452e+00 3.837197461341153026e+00
4.221308798260929994e+06 3.812946046111685749e+00 3.821496521857341122e+00
4.376652962036933750e+06 3.810175708135540962e+00 3.807334876110895383e+00
4.537713791039885022e+06 3.807138885963926800e+00 3.792087896267243519e+00
2.722628274623932783e+06 3.806620368512798613e+00 3.789530022372822327e+00
2.352350829275077209e+06 3.804182297331879514e+00 3.777688304828035193e+00
2.438917339792401064e+06 3.800906438914970487e+00 3.762313148360198145e+00
2.107224581580634229e+06 3.797746793400356147e+00 3.748137878860157812e+00
2.184770446182802320e+06 3.794115012732691472e+00 3.732651469140246814e+00
2.265169998602325562e+06 3.790594524289085943e+00 3.718585403907939568e+00
2.348528254550892394e+06 3.786503509897880093e+00 3.703526490005385696e+00
2.434954094318366144e+06 3.781666271912636823e+00 3.687671327789209919e+00
2.524560404989283066e+06 3.775878727541323254e+00 3.671760496464000934e+00
2.617464227892884053e+06 3.768938227164559063e+00 3.657483265494087643e+00
6.269603482294166461e+06 3.755239081179379212e+00 3.645799404616147488e+00
7.509316299427381717e+06 3.736924790591312551e+00 3.651056352342112010e+00
2.359375521575349383e+06 3.725634154233472550e+00 3.634080862891648778e+00
2.038500450641101459e+06 3.721934091803579481e+00 3.618119220742155306e+00
2.113517267224695068e+06 3.719338023197327203e+00 3.601581154096554105e+00
2.191294702658564784e+06 3.717445597035263116e+00 3.585851117061781945e+00
1.135967173858200200e+06 3.716023488015469667e+00 3.571153403444663699e+00
1.177770765856180107e+06 3.714766561513964671e+00 3.555852696993904161e+00
1.017593941699739313e+06 3.713780890584867045e+00 3.542218825424205075e+00
1.055041398754290072e+06 3.712863154623790241e+00 3.527804169834239278e+00
1.093866922228448559e+06 3.712017931659055137e+00 3.512670426030291004e+00
1.134121224966453621e+06 3.711327468219319137e+00 3.499256087717085517e+00
1.175856886045219610e+06 3.710660790101406370e+00 3.485103527350575714e+00
1.219128419451684225e+06 3.710012738805779975e+00 3.470230261942986782e+00
1.263992345287504140e+06 3.709377476590193456e+00 3.454480289577718910e+00
1.310507263594084652e+06 3.708854423827727231e+00 3.440609577516863915e+00
1.358733930894347606e+06 3.708314643973428026e+00 3.425768232941354796e+00
1.408735339551260229e+06 3.707785409175772706e+00 3.410232114483507271e+00
1.460576800046744058e+06 3.707313911597491796e+00 3.396185702108135196e+00
1.514326026288464898e+06 3.706871965313431438e+00 3.381614500933905365e+00
7.850266120279404568e+05 3.706465134272612261e+00 3.368298852398304621e+00
8.139155913505690405e+05 3.706043159143399102e+00 3.354384501180074363e+00
8.438676851122685475e+05 3.705598228501696845e+00 3.339603454398623938e+00
7.291016799370013177e+05 3.705225074072893143e+00 3.326841400334203502e+00
7.559326217586817220e+05 3.704844279942995477e+00 3.313103134776946845e+00
7.837509422394016292e+05 3.704418558747850643e+00 3.298257590793232996e+00
8.125929769138118718e+05 3.704054472003976084e+00 3.285357459151310611e+00
8.424963984642387368e+05 3.703656332467069046e+00 3.271372515335617681e+00
8.735002659277231432e+05 3.703239115489268318e+00 3.256555708883322797e+00
9.056450757138637127e+05 3.702866952302035219e+00 3.243476154354267393e+00
9.389728145001343219e+05 3.702465219486802628e+00 3.229445351461603053e+00
9.735270140737376641e+05 3.702081670543129643e+00 3.216640122129708068e+00
1.009352808191651595e+06 3.701688078218478228e+00 3.203064676928729426e+00
5.232484957665523398e+05 3.701332813785885190e+00 3.191109998474146892e+00
5.425040404107617214e+05 3.700938914758252540e+00 3.178391759052979992e+00
5.624681890978767769e+05 3.700530025655990318e+00 3.164865309778503111e+00
4.859725153805664158e+05 3.700202465746605274e+00 3.153419366462129059e+00
5.038563039465704351e+05 3.699805023246297342e+00 3.140520436253865899e+00
5.223982159318044432e+05 3.699405341331185593e+00 3.127097374256159412e+00
5.416224702780951047e+05 3.698959746763672563e+00 3.112641968156236949e+00
5.615541771843280876e+05 3.698588627421926844e+00 3.100331022232870826e+00
5.822193709047115408e+05 3.698132791909608752e+00 3.086490916471327228e+00
6.036450437540052226e+05 3.697718639656530026e+00 3.074031397389610731e+00
6.258591813641528133e+05 3.697294285119571811e+00 3.060973690563050909e+00
6.488907992383525707e+05 3.696844846418741337e+00 3.047193585953773098e+00
6.727699806503242580e+05 3.696362431725299214e+00 3.032477492687895460e+00
6.975279159382565413e+05 3.695906434334511825e+00 3.019283605324408981e+00
7.231969432447846048e+05 3.695432826732313991e+00 3.005208644911532723e+00
3.749052953780957032e+05 3.695002554025045960e+00 2.992883330329522806e+00
3.887018102480098023e+05 3.694546212082574499e+00 2.979447908376319898e+00
3.358383640542803914e+05 3.694149643343377143e+00 2.968168263280753560e+00
3.481972158514780458e+05 3.693713812956197273e+00 2.955563015931831572e+00
3.610108733948125737e+05 3.693240833262081857e+00 2.942185603149662931e+00
3.742960735357410740e+05 3.692822993251757779e+00 2.930696586254176061e+00
3.880701690418564831e+05 3.692382091390134846e+00 2.918088182094468408e+00
4.023511512625969481e+05 3.691886357049009693e+00 2.904686163207874650e+00
4.171576736290607369e+05 3.691458090285435478e+00 2.892855455758726269e+00
4.325090760186094558e+05 3.690983182778441840e+00 2.880236394086435503e+00
4.484254100160944508e+05 3.690450965163831309e+00 2.866578113692949348e+00
4.649274651046869112e+05 3.689999119934026961e+00 2.854391609192084900e+00
4.820367958205395844e+05 3.689517070503970597e+00 2.841585323722703560e+00
2.498878749533672817e+05 3.689100432752853376e+00 2.830849138772241425e+00
2.590837487516512920e+05 3.688632254362240737e+00 2.818702133057839010e+00
2.686180307057122118e+05 3.688125518281142767e+00 2.805911019080606916e+00
2.320859785297352646e+05 3.687732540601668330e+00 2.795586015391597901e+00
2.406267425396296312e+05 3.687251214679494904e+00 2.783542421959041668e+00
2.494818066650875844e+05 3.686733452694864521e+00 2.770827419465890173e+00
2.586627371503629256e+05 3.686314426204759798e+00 2.760177578137599674e+00
2.681815258774964022e+05 3.685825341069048466e+00 2.748112133551739333e+00
2.780506060297883814e+05 3.685304963947052759e+00 2.735532458270909295e+00
2.882828683316840907e+05 3.684769984921457464e+00 2.722260657605573897e+00
2.988916778862901847e+05 3.684274946863681066e+00 2.710423936090137875e+00
3.098908916325058090e+05 3.683742233032035518e+00 2.697685500781430434e+00
3.212948764445821871e+05 3.683265214221214556e+00 2.686276112765641155e+00
3.331185278977422277e+05 3.682764340373768430e+00 2.674253521058802097e+00
3.453772897243793122e+05 3.682231379967646934e+00 2.661649395072585023e+00
1.790435869931182824e+05 3.681812123640155754e+00 2.651609040313286147e+00
1.856323909944650950e+05 3.681297908015498610e+00 2.639659621847879833e+00
1.924636629830611055e+05 3.680764372819097741e+00 2.627197451073773671e+00
1.662886048173647432e+05 3.680352164248474445e+00 2.617546586257503805e+00
1.724080254746438586e+05 3.679834820813062013e+00 2.605771923108744836e+00
1.787526408121108252e+05 3.679306757673253436e+00 2.593582735399791339e+00
1.853307379939961829e+05 3.678847775416568489e+00 2.583388083021299853e+00
1.921509091521753289e+05 3.678327181571240168e+00 2.571794677377219340e+00
1.992220626089754805e+05 3.677802657615604875e+00 2.559807276380276164e+00
2.065534345129854337e+05 3.677331417170115024e+00 2.549205257954024084e+00
2.141546009030633722e+05 3.676818343240268572e+00 2.537776349407906196e+00
2.220354902162961953e+05 3.676270792691680889e+00 2.525831710198893187e+00
2.302063962562560046e+05 3.675776193464895147e+00 2.515012066574582761e+00
2.386779916384858370e+05 3.675268182275971185e+00 2.503766998397494614e+00
1.237306708653910900e+05 3.674871870512034455e+00 2.495420897603509047e+00
1.282839595532375388e+05 3.674377510167927241e+00 2.484895600505764079e+00
1.330048092647967278e+05 3.673892415282638435e+00 2.474192316515502643e+00
1.378993862457410141e+05 3.673386046466319499e+00 2.463020112902547076e+00
1.191450697163202130e+05 3.672993604102852139e+00 2.454696738569551506e+00
1.235296082818808500e+05 3.672516116841278322e+00 2.444366021919874399e+00
1.280754978666541137e+05 3.672023347973298879e+00 2.433919970008669775e+00
1.327886761881470447e+05 3.671522772402497026e+00 2.422947507261722144e+00
1.376752994718706177e+05 3.671117049156918721e+00 2.414262497892002646e+00
1.427417504924355308e+05 3.670666580890438180e+00 2.404592463142691816e+00
1.479946469105572032e+05 3.670179139950864755e+00 2.394668544476119099e+00
1.534408499168654671e+05 3.669749295646639986e+00 2.385245823853367142e+00
1.590874731938061886e+05 3.669315996927122736e+00 2.376152539809115893e+00
1.649418922073383292e+05 3.668925818338565126e+00 2.367949204868740942e+00
1.513056794074332283e+05 3.668642014587841782e+00 2.361362750898940099e+00
1.497849797260761261e+05 3.668540839447494317e+00 2.358550326148654452e+00
1.501226313430792070e+05 3.668695848855365149e+00 2.360911546961752538e+00
5.973864918436911830e+04 3.669005102441529775e+00 2.366338811213158255e+00
1.238740629487078695e+05 3.669711699147859107e+00 2.380355686653757630e+00
3.082383083165285061e+05 3.670329856493727227e+00 2.391294182573088900e+00
9.247149249495858385e+04 3.670397456104168565e+00 2.392835500447354935e+00
7.989536951564419724e+04 3.671031902663070667e+00 2.405684862597024409e+00
1.988052458731679944e+05 3.671314540134927196e+00 2.410955804269234726e+00
1.030606394606501126e+05 3.670999515995608586e+00 2.403546530947722637e+00
8.904439249400167319e+04 3.670597384611557157e+00 2.394761663698629306e+00
9.232122613778097730e+04 3.670140305589943086e+00 2.384942357117391776e+00
9.571864725965134858e+04 3.669663491553285972e+00 2.374846400813057645e+00
9.924109347880656424e+04 3.669182945783580507e+00 2.364832961527163047e+00
1.028931657188264799e+05 3.668638773420059618e+00 2.353876975486014711e+00
1.066796342172793375e+05 3.668229427631077844e+00 2.345247642053686299e+00
1.106054447564752627e+05 3.667733190950518640e+00 2.335122934807076334e+00
1.146757251235135918e+05 3.667225461216576221e+00 2.324657640582318052e+00
1.188957918080587115e+05 3.666787835674719886e+00 2.315677045808219869e+00
1.232711569465953216e+05 3.666289046905578441e+00 2.305816810412278706e+00
1.278075355222300714e+05 3.665782799476313691e+00 2.295476964555667632e+00
1.325108528294482094e+05 3.665318588077172812e+00 2.286180801220901060e+00
1.373872522135716572e+05 3.664831546215284508e+00 2.276494273887897268e+00
7.122155154751556984e+04 3.664494463022319515e+00 2.270140734452659625e+00
7.384250464446417755e+04 3.664053917172526376e+00 2.261182008298903146e+00
7.655990881538049143e+04 3.663588472807402852e+00 2.251988384527471521e+00
7.937731345978635363e+04 3.663117143618553229e+00 2.242398712703460362e+00
6.858199882925540442e+04 3.662803567745572142e+00 2.236060784606083374e+00
7.110581638617202407e+04 3.662333642328526651e+00 2.226999738562927877e+00
7.372251042918318126e+04 3.661863850275307808e+00 2.217753518768393661e+00
7.643549881297716638e+04 3.661508153523084008e+00 2.210623302594279860e+00
7.924832516929459234e+04 3.661030870006119375e+00 2.201824323825121610e+00
8.216466353552466899e+04 3.660581258897020795e+00 2.192828920037722007e+00
8.518832315363200905e+04 3.660111829884340029e+00 2.183413631724867798e+00
8.832325344568569562e+04 3.659676086321222321e+00 2.175063080710735175e+00
9.157354917248678976e+04 3.659211345437154428e+00 2.166075742179521146e+00
9.494345578203433251e+04 3.658738619211340026e+00 2.156768724279336524e+00
9.843737495481324731e+04 3.658295025250415389e+00 2.148195511259730406e+00
1.020598703531502106e+05 3.657838942415470029e+00 2.139394460853916602e+00
1.058156735821461771e+05 3.657361695511871513e+00 2.130152036860613496e+00
5.485484518498459511e+04 3.657089921462803872e+00 2.124889819605431995e+00
5.687350348779204796e+04 3.656642205011213953e+00 2.116277079690387808e+00
5.896644841614270263e+04 3.656189335519660411e+00 2.107536139587812940e+00
5.094701143154728197e+04 3.655919438046072223e+00 2.102151094391257136e+00
5.282186145222824416e+04 3.655478075220753187e+00 2.093928857189086390e+00
5.476570595367026544e+04 3.655031550213643676e+00 2.085532954453432897e+00
5.678108393276535207e+04 3.654552038741922804e+00 2.076699162133098575e+00
5.887062782149101986e+04 3.654214491086928085e+00 2.070003425193204905e+00
6.103706692532191664e+04 3.653786548804708101e+00 2.061765984520483652e+00
6.328323098817378923e+04 3.653313888671928300e+00 2.053133605572901477e+00
6.561205388853860495e+04 3.652923032450573260e+00 2.045612518885330466e+00
6.802657747163671593e+04 3.652505766367967421e+00 2.037586748117500068e+00
7.052995552259297983e+04 3.652028520417179625e+00 2.029043166573761159e+00
7.312545788582443492e+04 3.651561868235134956e+00 2.020226356309887450e+00
7.581647473602280661e+04 3.651130143163707764e+00 2.012036725063750531e+00
7.860652100630832138e+04 3.650676957624215291e+00 2.003664722803518927e+00
8.149924097934049496e+04 3.650194141642114865e+00 1.994871640720320194e+00
4.224920652369012532e+04 3.649963261258664993e+00 1.990527259469486943e+00
4.380397732376193744e+04 3.649522320800293596e+00 1.982366797751857090e+00
4.541596368927630101e+04 3.649052508298546105e+00 1.974016593670024244e+00
3.923939262753471849e+04 3.648808611786164668e+00 1.969281807403715945e+00
4.068340227622801467e+04 3.648394808005885892e+00 1.961592397644644103e+00
4.218055147999322071e+04 3.647970570318440409e+00 1.953748917566809240e+00
4.373279577445698669e+04 3.647530864906271653e+00 1.945571062647099447e+00
4.534216265895692777e+04 3.647177818920896097e+00 1.939241667150943371e+00
4.701075424480656511e+04 3.646737510950787797e+00 1.931423679348530431e+00
4.874075000101546902e+04 3.646312858084491015e+00 1.923430311278219174e+00
5.053440960105285922e+04 3.645911281191514863e+00 1.916261093012674221e+00
5.239407587437151960e+04 3.645500828576156316e+00 1.908672545783328012e+00
5.432217786654840893e+04 3.645055348203482204e+00 1.900730348248187429e+00
5.632123401203741378e+04 3.644607414661193090e+00 1.892498534891153383e+00
5.839385542368029564e+04 3.644195818737900439e+00 1.884810204025566982e+00
6.054274930327175389e+04 3.643731517991876334e+00 1.876893119050681680e+00
3.138536123881608728e+04 3.643533153850567086e+00 1.873318871663879115e+00
3.254034253240453108e+04 3.643121178615878364e+00 1.866019898432859092e+00
3.373782713759696344e+04 3.642727920905802108e+00 1.858759563606951160e+00
3.497937917626054696e+04 3.642302044606395839e+00 1.851147421773947643e+00
3.022218360828910590e+04 3.642069560359699310e+00 1.847036339025025287e+00
3.133435996507415621e+04 3.641664005147997596e+00 1.839880897416826366e+00
3.248746441178890018e+04 3.641272918969820083e+00 1.832685070917668968e+00
3.368300310214274214e+04 3.640818288988287410e+00 1.825021037752073916e+00
3.492253761630153895e+04 3.640511469379122289e+00 1.819306004416910039e+00
3.620768700058145623e+04 3.640125112427733622e+00 1.812210849430870629e+00
3.754012988220286934e+04 3.639704709687405337e+00 1.804805593569092981e+00
3.892160666186786693e+04 3.639289573060795480e+00 1.797171243824469800e+00
4.035392178702462115e+04 3.638897903665474498e+00 1.790159975942506865e+00
4.183894610878714593e+04 3.638485832794119634e+00 1.782838290735383913e+00
4.337861932559053093e+04 3.638018982718040029e+00 1.775078127421334750e+00
4.497495251677218766e+04 3.637581195524965061e+00 1.767145836538498882e+00
4.663003076938942104e+04 3.637152419379862778e+00 1.759591144662559170e+00
4.834601590170297277e+04 3.636716017743371054e+00 1.752040934015949292e+00
2.506257464344282926e+04 3.636572125562234081e+00 1.749302381348770918e+00
2.598487739032148238e+04 3.636174833680933638e+00 1.742308468665372256e+00
2.694112087828532458e+04 3.635715286226915310e+00 1.735113542885129645e+00
2.793255412660623551e+04 3.635304051878442078e+00 1.727833762069548973e+00
2.413372676538778251e+04 3.635113943450662521e+00 1.724261614276964227e+00
2.502184791035401213e+04 3.634727857393875716e+00 1.717463581934559391e+00
2.594265191345505082e+04 3.634345488307362260e+00 1.710619660505794171e+00
2.689734150387020782e+04 3.634042132481653642e+00 1.705413637505262647e+00
2.788716367121264193e+04 3.633657290023361242e+00 1.698856324558748243e+00
2.891341129431322042e+04 3.633270653110001636e+00 1.692110760343770171e+00
2.997742482994395687e+04 3.632811400377865763e+00 1.684911333884379525e+00
3.108059406368590862e+04 3.632451579969103506e+00 1.678528675867582143e+00
3.222435992522956440e+04 3.632082180152116369e+00 1.671925807633225292e+00
3.341021637047795957e+04 3.631662229221373828e+00 1.664922371580653593e+00
3.463971233291155659e+04 3.631246472354373811e+00 1.657709755493163906e+00
3.591445374676272331e+04 3.630830943871049765e+00 1.650779816278556744e+00
3.723610564464360505e+04 3.630430291289653777e+00 1.643939618412171733e+00
3.860639433236642799e+04 3.630004860728797578e+00 1.636785093554496973e+00
2.001355482189876057e+04 3.629892710977448811e+00 1.634732946587290625e+00
2.075005363934464185e+04 3.629492934232929180e+00 1.628104508793883465e+00
2.151365561327253454e+04 3.629115258777808606e+00 1.621558785160101435e+00
2.230535813984092601e+04 3.628702328452394710e+00 1.614681281279491953e+00
1.927182943282255656e+04 3.628523312432522907e+00 1.611552954270031979e+00
1.998103275595043669e+04 3.628167461874344912e+00 1.605228509895660460e+00
2.071633476136942045e+04 3.627774805684817583e+00 1.598703649030689400e+00
2.147869588058782392e+04 3.627491463540390981e+00 1.593847317968591470e+00
2.226911188899341869e+04 3.627008082484760809e+00 1.585866356898595342e+00
2.308861520650838429e+04 3.626670847522583507e+00 1.580329476608668848e+00
2.393827624610790372e+04 3.626242041766190471e+00 1.573537952097316950e+00
2.481920481196463516e+04 3.625888746151084252e+00 1.567431004513232029e+00
2.573255154904494339e+04 3.625455615221148342e+00 1.560353877668654299e+00
2.667950944604980759e+04 3.625063380860455542e+00 1.553599196797385451e+00
2.766131539366439756e+04 3.624656041509802584e+00 1.546737983599720812e+00
2.867925180015125807e+04 3.624273018886267739e+00 1.540245215500609000e+00
2.973464826639683815e+04 3.623889736425355945e+00 1.533812475613139714e+00
3.082888332260019160e+04 3.623471949119399405e+00 1.527075770486483686e+00
1.598169311443594233e+04 3.623394117364056477e+00 1.525639451935470348e+00
1.656981942104719201e+04 3.623029443755855894e+00 1.519506177262196500e+00
1.717958877574173675e+04 3.622665793413588187e+00 1.513379304020209037e+00
1.781179764268900180e+04 3.622254722414907757e+00 1.506921791761626661e+00
1.538939316328329551e+04 3.622107187325942057e+00 1.504301597032683846e+00
1.595572283169212642e+04 3.621733213875814261e+00 1.498301588199754120e+00
1.654289343189840292e+04 3.621362721686759212e+00 1.492256153023432175e+00
1.715167191019223537e+04 3.620994268524007076e+00 1.486035868941136373e+00
1.778285343648731941e+04 3.620707772146914749e+00 1.481242126828077987e+00
1.843726244295006109e+04 3.620314389381790399e+00 1.475150461029138382e+00
1.911575370085062968e+04 3.619963635556195047e+00 1.469103682954326473e+00
1.981921343704190076e+04 3.619549058812182363e+00 1.462603013340286306e+00
2.054856049152505148e+04 3.619173069837900325e+00 1.456496982741650958e+00
2.130474751761318112e+04 3.618809388706593300e+00 1.450430368891961530e+00
2.208876222626131130e+04 3.618424097188202460e+00 1.444110794368833828e+00
2.290162867618773453e+04 3.618047461186245428e+00 1.437618893339856596e+00
2.374440861147145552e+04 3.617636318263377504e+00 1.431200769161048658e+00
2.461820284837361396e+04 3.617234113739167700e+00 1.424908210540899001e+00
2.552415271319372187e+04 3.616846401440427794e+00 1.418483061344162355e+00
1.323172076651962925e+04 3.616787920881042506e+00 1.417673201260329474e+00
1.371864809072755634e+04 3.616427092953200528e+00 1.411749861211357260e+00
1.422349434046633723e+04 3.616048191683793878e+00 1.405809861400858063e+00
1.474691893219547455e+04 3.615678177383834679e+00 1.399727075154673539e+00
1.274133795741691210e+04 3.615536331243868418e+00 1.397415837254490034e+00
1.321021919424983389e+04 3.615204123851195384e+00 1.391801557216090890e+00
1.369635526059823314e+04 3.614806829151654188e+00 1.385879781856895754e+00
1.420038113418825378e+04 3.614451086452170614e+00 1.379949898703706879e+00
1.472295515992635774e+04 3.614170266787283037e+00 1.375286009328269721e+00
1.526475990981165342e+04 3.613790120979401443e+00 1.369460797023637433e+00
1.582650307449272805e+04 3.613410295771464664e+00 1.363508988399524613e+00
1.640891838763406849e+04 3.613044856348389011e+00 1.357429866907862159e+00
1.701276658429897361e+04 3.612678643873076911e+00 1.351495592635780341e+00
1.763883639460118502e+04 3.612280619305602514e+00 1.345509963245533402e+00
1.828794557392251590e+04 3.611918303720304202e+00 1.339500960365656024e+00
1.896094197104283012e+04 3.611516870114053201e+00 1.333160058800356929e+00
1.965870463557721450e+04 3.611138703578855136e+00 1.327079252596455872e+00
2.038214496616646647e+04 3.610752907434292336e+00 1.321074115429424545e+00
2.113220790092139941e+04 3.610372397259833388e+00 1.314930587028390274e+00
1.095493657583763525e+04 3.610362017354121544e+00 1.314792496190484217e+00
1.135807824182846525e+04 3.610007145159106035e+00 1.309161669514242510e+00
1.177605552112775695e+04 3.609655506251421730e+00 1.303577781664987167e+00
1.220941436430526301e+04 3.609302517468167881e+00 1.297832846361814729e+00
1.054893401075974543e+04 3.609171500804997379e+00 1.295836022860886283e+00
1.093713478235568618e+04 3.608804769854974115e+00 1.290350683662571329e+00
1.133962134234637961e+04 3.608467806081839591e+00 1.284907696311732073e+00
1.175691940774473187e+04 3.608122070107372625e+00 1.279281404562671476e+00
1.218957404194974151e+04 3.607845287406298951e+00 1.274781816573978599e+00
1.263815036669347137e+04 3.607502596377888171e+00 1.269339809348922321e+00
1.310323430018779800e+04 3.607119271098397473e+00 1.263644349421685797e+00
1.358543332243471377e+04 3.606769930875616481e+00 1.257891302245075060e+00
1.408537726870031656e+04 3.606408037560353552e+00 1.252160956894284416e+00
1.460371915218846516e+04 3.606052993524644812e+00 1.246580998129276141e+00
1.514113601698900675e+04 3.605665002011839704e+00 1.240752247459668611e+00
1.569832982241420905e+04 3.605275701065198568e+00 1.234747457853860864e+00
1.627602835987902472e+04 3.604926890956618113e+00 1.229030960609329926e+00
1.687498620352258149e+04 3.604571306072110293e+00 1.223407427405971415e+00
1.749598569581221818e+04 3.604188148350525811e+00 1.217546037252231317e+00
9.069918984709056531e+03 3.604238775260227623e+00 1.218080778808918074e+00
1.880738400669267139e+04 3.603461121471462913e+00 1.205966168866062116e+00
9.749747869069493390e+03 3.603521155460751135e+00 1.206919725891369977e+00
1.010853859065124379e+04 3.603169503597512868e+00 1.201324153757871160e+00
8.733777342322682671e+03 3.603077748795782576e+00 1.199708616957128937e+00
1.086621641822416677e+04 3.602438748296468152e+00 1.190397050611295748e+00
9.388410985345686640e+03 3.602342633726892007e+00 1.188648996948821646e+00
9.733904509606412830e+03 3.602020375075761560e+00 1.183316632930078383e+00
1.009211219555992284e+04 3.601759518562035023e+00 1.179032792285275244e+00
1.046350192435653116e+04 3.601410072058454315e+00 1.173814254872685758e+00
1.084855879517283392e+04 3.601085356234353885e+00 1.168595008870437768e+00
1.124778575883519989e+04 3.600739923255027453e+00 1.163148622128477250e+00
1.166170427476033910e+04 3.600391538164878558e+00 1.157521401832035446e+00
1.209085499207152498e+04 3.600025519004192986e+00 1.151781482428865688e+00
1.253579845577973720e+04 3.599678708501713231e+00 1.146347600666275834e+00
1.299711583895243530e+04 3.599276452232247792e+00 1.140579442697059909e+00
1.347540970182589081e+04 3.598893918657576574e+00 1.134703031996247002e+00
1.397130477885306209e+04 3.598554301962817448e+00 1.129141268248312180e+00
1.448544879471485910e+04 3.598208627398472803e+00 1.123682578815595301e+00
1.501851331036037300e+04 3.597850907893865191e+00 1.118045358287953039e+00
7.785597300090819772e+03 3.597943116112733097e+00 1.119252155493772216e+00
1.614421456146829951e+04 3.597149283956703858e+00 1.106815794873096559e+00
3.027040230275308659e+02 3.597423544760780967e+00 1.111090357485005287e+00
5.230725517915732325e+02 3.597636967725762691e+00 1.114358081958817692e+00
1.301571892074007792e+03 3.598062555584665478e+00 1.120892310819307625e+00
3.238727370485595657e+03 3.598132657805520385e+00 1.121923539265329284e+00
2.935043646774785429e+03 3.597926390418008769e+00 1.118683017624097609e+00
2.891348360311554188e+03 3.597833228784506954e+00 1.117187856538026880e+00
3.139075395247139113e+03 3.597670459249933117e+00 1.114610817823089794e+00
2.856254070787611909e+03 3.597628355765067454e+00 1.113903475024183409e+00
3.104009738451037265e+03 3.597476204062624916e+00 1.111494178273118250e+00
2.836227168613746016e+03 3.597435865682145906e+00 1.110814298716873205e+00
3.085751104402831970e+03 3.597286791706947540e+00 1.108455728208286084e+00
4.073230930600751890e+03 3.597184891457425149e+00 1.106824969777506551e+00
1.013550198923245443e+04 3.596445458603974910e+00 1.095915217172790612e+00
1.050848846243621301e+04 3.596202943707013322e+00 1.092103370070044654e+00
1.089520083785387033e+04 3.595860190497183417e+00 1.086717760388804521e+00
3.518184306861969617e+02 3.595685306142369697e+00 1.084049482597208902e+00
8.754368374450777992e+02 3.596106280931358867e+00 1.090437903589565938e+00
2.178366991351336310e+03 3.596412917176720292e+00 1.095051403974004911e+00
2.915469961188106936e+03 3.596174020507559632e+00 1.091366836665984108e+00
2.706633623186665773e+03 3.596085908371981610e+00 1.089973361520645723e+00
3.879563942539129130e+03 3.595925996149730963e+00 1.087481236155616537e+00
2.682817731986309809e+03 3.595874060833889718e+00 1.086629629894674487e+00
3.196663889140861102e+03 3.595781851787428263e+00 1.085166546419215727e+00
2.696856293522917895e+03 3.595675998403462525e+00 1.083486699434957456e+00
2.647152431376383902e+03 3.595616794440529063e+00 1.082527257669460452e+00
3.791547874369392048e+03 3.595431743689279980e+00 1.079637848452530413e+00
9.434584406750847847e+03 3.594732628572602007e+00 1.069392719026328820e+00
9.781777112919271531e+03 3.594483925044245964e+00 1.065705519321651140e+00
3.169295784585843307e+02 3.594302644186283757e+00 1.062833105098913711e+00
7.886222086700647651e+02 3.594668288365668651e+00 1.068496123507942430e+00
1.962344414277893748e+03 3.594987593881841192e+00 1.073040153449316136e+00
2.732929416018065695e+03 3.594776998733180573e+00 1.069760280055587653e+00
2.569869300132622811e+03 3.594683625085182577e+00 1.068273341651534869e+00
2.553357797795434635e+03 3.594594831539905666e+00 1.066855718160968580e+00
2.679812613742974008e+03 3.594451090557408524e+00 1.064584529062613250e+00
2.526998383896543601e+03 3.594411087910159175e+00 1.063916257091504391e+00
3.020352328269437294e+03 3.594254748635106189e+00 1.061464590801183272e+00
2.505759555533711136e+03 3.594225760107532697e+00 1.060966214100161453e+00
2.993739200088379675e+03 3.594079407827465822e+00 1.058684213115210326e+00
5.650144952191292759e+03 3.593748086048632384e+00 1.053826764576847985e+00
1.405936868743662490e+04 3.592769434043239229e+00 1.038810106893152119e+00
2.618073364605932625e+02 3.593019635130818124e+00 1.042691209388649343e+00
4.524030774039051721e+02 3.593249997182108135e+00 1.046198131982477353e+00
1.125723625565685552e+03 3.593699575002208935e+00 1.053029184630608350e+00
2.801160611967607110e+03 3.593779626066609278e+00 1.054200977857041366e+00
2.486991033943568709e+03 3.593588938018791978e+00 1.051242529439249784e+00
2.454842158861031749e+03 3.593511034694713668e+00 1.050001692799563013e+00
2.655631347623488182e+03 3.593361705902029080e+00 1.047660116846465872e+00
2.425110388762579987e+03 3.593329471309196332e+00 1.047112704307924691e+00
2.518786746629631580e+03 3.593202355370544332e+00 1.045105936224337784e+00
3.469997206612766149e+03 3.593098099319425032e+00 1.043451676593539323e+00
2.409879134996152970e+03 3.593056896909602838e+00 1.042762984641016910e+00
4.962046103803191727e+03 3.592758052618025388e+00 1.038157735038934826e+00
1.234715856101555983e+04 3.591828364465500911e+00 1.024231887600856927e+00
1.828224388020326296e+04 3.590967747818675448e+00 1.011374730090124352e+00
1.836855039622852928e+04 3.590440548468958770e+00 1.002923182637643018e+00
1.796953126600549149e+04 3.589861950146418845e+00 9.941032579983822837e-01
1.759801244210047298e+04 3.589293364382637908e+00 9.851684371881918034e-01
1.713429451015373706e+04 3.588714877819928262e+00 9.762694703250809347e-01
1.611816298916017149e+04 3.588204555280528396e+00 9.682847108738349418e-01
1.551506674587373527e+04 3.587677394113233387e+00 9.600774751943365048e-01
1.516274592802561529e+04 3.587137169920835422e+00 9.517632556709683112e-01
1.489285757612907400e+04 3.586592455198355456e+00 9.434080936360272895e-01
1.469031569283049612e+04 3.586058552395319676e+00 9.351057286657314949e-01
1.404982684176772273e+04 3.585557831882967506e+00 9.275256177035262617e-01
1.407264539794563461e+04 3.585016489198172618e+00 9.191314885340372554e-01
1.350264864440111342e+04 3.584546664535127380e+00 9.117476469347086665e-01
1.327410414722040514e+04 3.584023667018154669e+00 9.038558643857949049e-01
1.315404152011207407e+04 3.583489157446765550e+00 8.958944943949359585e-01
1.259527457059703556e+04 3.583053336354035778e+00 8.889040516341217835e-01
1.245556199476973597e+04 3.582567930095106323e+00 8.813656282965459665e-01
1.234086742645685626e+04 3.582069043672404973e+00 8.737568597355135358e-01
1.216400138249651536e+04 3.581596191574030197e+00 8.663485046890085917e-01
1.181849526772489662e+04 3.581119445919562327e+00 8.592213800160454218e-01
1.163706609074565131e+04 3.580660671452265742e+00 8.519997818756109842e-01
1.145435652858105823e+04 3.580196767006574188e+00 8.448482793857228224e-01
1.122891674884533131e+04 3.579735937540879487e+00 8.378286761057658349e-01
1.105074077072837645e+04 3.579283084854273156e+00 8.308423315866012571e-01
1.097285080098686922e+04 3.578816595283602187e+00 8.237080449851771347e-01
1.071110183925770252e+04 3.578374233061954790e+00 8.169381986700208209e-01
1.057937799306610214e+04 3.577937925564663058e+00 8.100434237395585102e-01
1.039123434378898128e+04 3.577452633149475592e+00 8.031122992121960680e-01
1.031993841233277635e+04 3.577014763339762649e+00 7.962385838407060046e-01
9.993673220494625639e+03 3.576606646976757897e+00 7.898907726074443358e-01
9.769571690896384098e+03 3.576184777864265474e+00 7.834276987681813020e-01
9.656566752853801518e+03 3.575734959048487926e+00 7.767785956954822435e-01
9.421208940654147227e+03 3.575336539275476788e+00 7.705595964301499290e-01
9.314332618076397921e+03 3.574914206476932144e+00 7.641141262773619713e-01
9.201754659863838242e+03 3.574473999308850569e+00 7.576622145021031374e-01
8.930434718961701947e+03 3.574078051146785118e+00 7.516662401139974081e-01
8.872230107473955286e+03 3.573645052908799968e+00 7.452578351454649530e-01
8.688291346112559040e+03 3.573266105147850258e+00 7.393031691070278688e-01
8.654600674049335794e+03 3.572861626115101163e+00 7.330512062207825696e-01
8.478078158202260965e+03 3.572472054937134267e+00 7.271257450468878725e-01
8.463817437228679410e+03 3.572045396102074832e+00 7.208138265203687389e-01
8.316795995955348189e+03 3.571660784472351580e+00 7.149109776555406803e-01
8.184734566558976439e+03 3.571249945254464375e+00 7.089239194835930125e-01
8.054589325335740796e+03 3.570851605374066651e+00 7.030143227243943471e-01
7.898207110927212852e+03 3.570478393922920990e+00 6.972923400603803223e-01
7.795518666550623493e+03 3.570103474230731155e+00 6.915395845406865361e-01
7.750728790705250503e+03 3.569691993988052481e+00 6.855540968838653715e-01
7.644101987755612754e+03 3.569323970305961158e+00 6.798882520895058734e-01
7.541206957992831121e+03 3.568947034017356579e+00 6.742099643945983489e-01
7.453282429564063023e+03 3.568569697665685325e+00 6.685239962155091753e-01
7.365143337600378800e+03 3.568199573909876854e+00 6.629102433010145567e-01
7.292847544827178353e+03 3.567815982979677170e+00 6.572241510641282369e-01
7.135712305185208606e+03 3.567461205277169700e+00 6.518450426565083333e-01
7.091098156222468788e+03 3.567065275968569704e+00 6.461269101771005552e-01
7.003784179718026280e+03 3.566708608588943008e+00 6.406775776360467134e-01
6.894868825526397814e+03 3.566350556576091346e+00 6.353004712477764437e-01
6.820080178113455077e+03 3.565976553557314244e+00 6.298257780641909331e-01
6.687873633124692788e+03 3.565639000671303460e+00 6.246425995950679599e-01
6.604509426304702174e+03 3.565275773554905658e+00 6.192904722274051865e-01
6.538887707243225123e+03 3.564922409397471625e+00 6.139793922431955320e-01
6.422772703858448949e+03 3.564567286070186469e+00 6.088049819315634048e-01
6.302918273496925394e+03 3.564214329776052903e+00 6.036985838009161220e-01
6.222543089401379802e+03 3.563874053152548349e+00 5.985913051793898543e-01
6.166618857848612606e+03 3.563541917951070115e+00 5.935207804821001076e-01
6.090303892936080956e+03 3.563201803410632973e+00 5.884846725604351292e-01
6.023074129943993285e+03 3.562876833078060912e+00 5.835159707903838644e-01
5.964700282898947080e+03 3.562540279594757830e+00 5.784959157080954428e-01
5.850129762176050463e+03 3.562213119873849809e+00 5.736782963960702642e-01
5.799790285174623932e+03 3.561894817965692628e+00 5.687688178673613315e-01
5.737972668188190255e+03 3.561560657863514390e+00 5.638800215755889189e-01
5.682080673407906943e+03 3.561225660979180585e+00 5.589739665376186606e-01
5.566897469128849480e+03 3.560916215290309328e+00 5.543489104234894382e-01
5.534000566764252653e+03 3.560598787698743273e+00 5.495085910380566041e-01
5.471964188264888435e+03 3.560284898611956628e+00 5.448037666654385047e-01
5.470979876297862575e+03 3.559955692700520480e+00 5.398948156126491815e-01
5.424277138638964971e+03 3.559615941647466197e+00 5.350729115890734411e-01
5.344227143571340093e+03 3.559314463238403725e+00 5.304791850476092696e-01
5.311853551862622226e+03 3.559004041584695521e+00 5.257631403324256603e-01
5.224127817039863658e+03 3.558703827686247934e+00 5.212480168025600546e-01
5.208825268566733030e+03 3.558393370710132952e+00 5.165344978359326378e-01
5.131180591900852960e+03 3.558070797916172090e+00 5.119415905751849571e-01
5.081139060773622987e+03 3.557769416291016285e+00 5.073852865392801670e-01
4.994707895349886712e+03 3.557454475672979122e+00 5.029183020602504550e-01
4.963180767455626665e+03 3.557160889995577335e+00 4.984167101836158853e-01
4.931745757135986423e+03 3.556864171980436140e+00 4.939010934455206336e-01
4.843494083125550787e+03 3.556589161500266272e+00 4.896530573018275101e-01
4.842739388743920244e+03 3.556258970936799990e+00 4.849776624501375699e-01
4.799024192336011765e+03 3.555952767861670250e+00 4.805247187933207043e-01
4.718041313552243992e+03 3.555674847764946467e+00 4.763267900403972410e-01
4.677722513655912735e+03 3.555395203338349575e+00 4.719992983747752224e-01
4.647303899074663605e+03 3.555104522416308477e+00 4.676421619252651429e-01
4.597954734997872038e+03 3.554822991448838287e+00 4.633919891906884692e-01
4.551918352824260182e+03 3.554511251151875495e+00 4.590326265519297233e-01
4.518819888188576442e+03 3.554234456703534217e+00 4.547904162644119674e-01
4.484170545535915153e+03 3.553942688186527921e+00 4.505082123982644404e-01
4.452535873009158422e+03 3.553648780916091710e+00 4.462318277927890264e-01
4.386787283397854480e+03 3.553384444949442500e+00 4.421869086406913785e-01
4.329260774220078929e+03 3.553118672309351300e+00 4.381517041038748839e-01
4.274812684878109394e+03 3.552857499144805864e+00 4.341329238387257039e-01
4.269993428721432792e+03 3.552553889567771073e+00 4.298365043813702768e-01
4.240551661915667864e+03 3.552287577515769179e+00 4.257660908726253468e-01
2.169827245431667507e+03 3.552686246148829330e+00 4.313192628986411981e-01
2.490869614634456411e+03 3.552376855283100099e+00 4.267846616305541185e-01
2.561032107079747220e+03 3.552142959556556345e+00 4.236576792187505269e-01
1.510635008528558956e+03 3.552375466660605330e+00 4.269620329384633539e-01
3.022404525303420087e+03 3.551651603089740927e+00 4.162623825150935097e-01
9.903815148514257771e+02 3.552199460617874394e+00 4.241647917957270808e-01
2.270490377979680943e+03 3.551650227976577590e+00 4.160632395695458841e-01
4.013694448643432224e+03 3.550922093998004403e+00 4.056397310905083264e-01
4.027829633244934939e+03 3.550705244436571206e+00 4.023972511550800157e-01
4.012287851595056509e+03 3.550454590865713023e+00 3.986865917010875005e-01
3.972352854659670356e+03 3.550213087503646392e+00 3.950019302049687653e-01
3.960290568078487922e+03 3.549957615111485332e+00 3.911652777719428764e-01
3.929930589110123492e+03 3.549683828138273434e+00 3.873018690754158611e-01
3.913459427379445970e+03 3.549424116587637457e+00 3.834557550753657229e-01
3.896218735614248999e+03 3.549172780121691684e+00 3.796823113063811928e-01
3.852704168752461555e+03 3.548932771829721222e+00 3.760416078858115907e-01
3.837639737497421265e+03 3.548674582642104447e+00 3.722752043943472477e-01
3.814568918683923130e+03 3.548442638292901741e+00 3.686862142906054407e-01
3.837650822740085914e+03 3.548181380207892754e+00 3.648292239647099588e-01
3.777601481744726698e+03 3.547940900197731118e+00 3.614034484835369487e-01
3.720668237289560238e+03 3.547724295247235649e+00 3.581281928700890127e-01
3.742726673157418645e+03 3.547493161249778648e+00 3.546417810636767198e-01
3.806872943827381278e+03 3.547269529483615180e+00 3.512036526495735389e-01
3.819156051172532443e+03 3.547093977798069453e+00 3.486022751272970788e-01
2.394673038692912144e+02 3.547328261071129862e+00 3.519908595681486840e-01
4.965594013033619945e+02 3.548379583228341350e+00 3.670625802001354354e-01
1.235598689451182054e+03 3.547950050773843511e+00 3.608451050664081561e-01
5.119763651417695769e+02 3.548110077877076662e+00 3.630870190243740692e-01
2.107356187182133738e+02 3.548242346554006943e+00 3.649629919564505998e-01
1.517296454771136496e+02 3.548286730129467603e+00 3.655959960669296627e-01
7.586482273855685321e+01 3.548336814042362786e+00 3.663130138589356655e-01
2.485938511497030845e+01 3.548393131529910871e+00 3.671220511411860121e-01
9.071441352927397617e+00 3.548420636206456535e+00 3.675177804018706085e-01
5.000397707439170780e+00 3.548436083131169649e+00 3.677401257143501079e-01
3.282641216169804199e+00 3.548446931988136210e+00 3.678963166049188938e-01
2.347323910101724032e+00 3.548454914126449644e+00 3.680112307427013119e-01
1.769249252854336873e+00 3.548461027157951087e+00 3.680991999686982208e-01
1.376906984757029218e+00 3.548465854684411003e+00 3.681686460887001466e-01
1.096488614129793371e+00 3.548469721878752203e+00 3.682242557372398251e-01
8.878156293523749021e-01 3.548472846777348533e+00 3.682691716403242999e-01
7.272705027010392120e-01 3.548475383890150603e+00 3.683056212947807828e-01
6.009509468997996651e-01 3.548477448435755743e+00 3.683352660553892433e-01
4.996491960378289798e-01 3.548479131497357830e+00 3.683594193947811180e-01
4.174437699748254627e-01 3.548480504916982081e+00 3.683791174075617958e-01
3.501270465213843219e-01 3.548481626721452287e+00 3.683951967056615651e-01
2.945648684039408605e-01 3.548482543857090832e+00 3.684083341204084094e-01
2.482096635261853423e-01 3.548483294892225359e+00 3.684190853849667602e-01
2.094955875700565406e-01 3.548483910653783102e+00 3.684278932549777674e-01
1.770165236031920608e-01 3.548484415798219160e+00 3.684351158221799705e-01
1.497779039783420363e-01 3.548484832244507281e+00 3.684410666306809357e-01
1.267851541231420631e-01 3.548485176978002809e+00 3.684459901643775126e-01
1.073707491483919391e-01 3.548485463443335597e+00 3.684500797838716757e-01
9.097598446646908144e-02 3.548485702408630704e+00 3.684534902398068912e-01
7.711179966076088521e-02 3.548485902510611023e+00 3.684563454717454389e-01
6.536784520810302868e-02 3.548486070661813319e+00 3.684587446885063122e-01
5.544680758685904126e-02 3.548486212432277132e+00 3.684607676600721304e-01
4.703725292701923383e-02 3.548486332301197255e+00 3.684624784655740060e-01
3.991661416718828709e-02 3.548486433902105830e+00 3.684639289950500940e-01
3.387963286520772471e-02 3.548486520175786030e+00 3.684651611675286431e-01
2.876399036614207122e-02 3.548486593532854450e+00 3.684662091974189035e-01
2.442875454840491220e-02 3.548486655942684198e+00 3.684671010066821739e-01
2.075719191807847211e-02 3.548486709040612030e+00 3.684678596058292843e-01
1.764386551377225554e-02 3.548486754183564962e+00 3.684685040439749093e-01
1.500228315021055227e-02 3.548486792507785204e+00 3.684690500822539461e-01
1.276373024867588635e-02 3.548486824974661502e+00 3.684695109497826415e-01
1.086458064561335833e-02 3.548486852403068159e+00 3.684698977597666847e-01
9.253536965466597000e-03 3.548486875495956205e+00 3.684702198711758414e-01
7.886163393051100201e-03 3.548486894857326490e+00 3.684704852852740964e-01
6.727266438812321524e-03 3.548486911017292744e+00 3.684707009724979554e-01
5.741545324335294541e-03 3.548486924451856872e+00 3.684708720742990717e-01
4.904530989940696951e-03 3.548486935547128684e+00 3.684710037138794192e-01
4.193361673933689721e-03 3.548486944672855081e+00 3.684710999806568021e-01
3.588810791972066490e-03 3.548486952157136276e+00 3.684711643364774747e-01
3.074890564391831276e-03 3.548486958288795456e+00 3.684711997464710787e-01
2.635167806780470880e-03 3.548486963337033284e+00 3.684712086699408196e-01
2.264862824777334402e-03 3.548486967560477101e+00 3.684711929115524476e-01
1.949021177406773300e-03 3.548486971183975047e+00 3.684711541576662919e-01
1.677988829950533478e-03 3.548486974414129413e+00 3.684710937567668987e-01
1.447455633995747230e-03 3.548486977467637082e+00 3.684710125213213061e-01
1.250820854668728077e-03 3.548486980538536173e+00 3.684709111420591543e-01
1.082974392885982431e-03 3.548486983809233664e+00 3.684707899967409883e-01
9.395137186700021998e-04 3.548486987481806132e+00 3.684706490804971479e-01
8.169430079097569301e-04 3.548486991741589769e+00 3.684704882237139767e-01
7.119114655444512638e-04 3.548486996744527833e+00 3.684703072656931311e-01
6.219036617553993238e-04 3.548487002711685712e+00 3.684701053885980904e-01
5.447642739029342866e-04 3.548487009844270457e+00 3.684698814821628088e-01
4.788204747902138447e-04 3.548487018325236164e+00 3.684696344417707770e-01
4.222078682240616200e-04 3.548487028372638630e+00 3.684693625224490510e-01
3.738423962486975261e-04 3.548487040199779674e+00 3.684690641336375583e-01
3.323389180353452819e-04 3.548487054056780110e+00 3.684687364795487530e-01
2.967842293414515607e-04 3.548487070214941586e+00 3.684683768615778510e-01
2.665349157334279085e-04 3.548487088979471071e+00 3.684679817296050985e-01
2.406908091838832575e-04 3.548487110644670040e+00 3.684675468112615371e-01
2.188698064401766894e-04 3.548487135638562329e+00 3.684670668304138585e-01
2.005587501659795329e-04 3.548487164406423311e+00 3.684665353449502190e-01
1.854278607580832437e-04 3.548487197536441595e+00 3.684659447358137330e-01
1.732581306661965046e-04 3.548487235707833420e+00 3.684652844457633192e-01
1.639143352466893532e-04 3.548487279852314380e+00 3.684645424037113481e-01
1.574113148011661877e-04 3.548487331097444297e+00 3.684637013134162697e-01
1.539649900418577457e-04 3.548487391570088967e+00 3.684627265629860648e-01
2.085189579732148180e-04 3.548487479319282212e+00 3.684613772098343509e-01
2.970819968164744532e-04 3.548487608380515912e+00 3.684593817871509858e-01
5.859642534605748101e-04 3.548487888315922323e+00 3.684549244419322855e-01
1.906542292562425514e-04 3.548488067329016005e+00 3.684516292138161897e-01
1.647252540773935434e-04 3.548488158539337078e+00 3.684498107779577425e-01
4.941757622321807792e-05 3.548488146228240492e+00 3.684500661094428642e-01
3.558065488071698493e-05 3.548488163661159156e+00 3.684496954442198491e-01
1.537084290846973109e-05 3.548488170605150316e+00 3.684495452700095042e-01
3.824757582600345137e-05 3.548488184739088336e+00 3.684492382060093885e-01
9.517220787936082275e-05 3.548488218026445651e+00 3.684484891153533836e-01
9.867454512932133295e-05 3.548488249480287848e+00 3.684477102626818046e-01
2.960236353879641276e-05 3.548488243812035314e+00 3.684478554019363639e-01
1.065685087396669707e-05 3.548488252800944487e+00 3.684476212362293723e-01
1.841503831021445279e-05 3.548488258107915350e+00 3.684474770965396884e-01
1.145562703201821615e-05 3.548488265948978260e+00 3.684472592253160705e-01
1.979532351132747762e-05 3.548488271309364617e+00 3.684471063608789621e-01
4.925709939970634733e-05 3.548488283660119702e+00 3.684467406599860051e-01
2.127906694067313204e-05 3.548488289687296238e+00 3.684465512363024331e-01
5.294912784981572644e-05 3.548488301293653890e+00 3.684461666902167920e-01
2.744882787734447972e-05 3.548488313289836604e+00 3.684457253142054967e-01
5.691788948646154096e-05 3.548488322933342598e+00 3.684453260172884659e-01
5.901246781956335125e-05 3.548488331744310109e+00 3.684449084101133476e-01
3.059206331766158732e-05 3.548488337616144683e+00 3.684445888805776836e-01
7.612284299460376992e-05 3.548488345233074437e+00 3.684440834825421507e-01
1.644253408683440612e-05 3.548488350009223247e+00 3.684436609919726213e-01
4.091428641895175611e-05 3.548488352214716368e+00 3.684433983451269601e-01
5.090391859100307134e-05 3.548488355221873114e+00 3.684428510153435199e-01
4.398098566262664117e-05 3.548488355843598896e+00 3.684425746526507339e-01
1.094387662440269194e-04 3.548488354495131780e+00 3.684419238999717683e-01
5.673305642090362800e-05 3.548488350769049227e+00 3.684414201885278239e-01
4.901736074766072229e-05 3.548488346627665546e+00 3.684410442780174932e-01
5.082119962317465961e-05 3.548488340754178960e+00 3.684406379486599992e-01
1.264594074463377266e-04 3.548488327766082140e+00 3.684399675919316497e-01
2.731523200840896347e-05 3.548488323007734646e+00 3.684397633698607843e-01
3.398451905558213084e-05 3.548488315380961211e+00 3.684394647963181724e-01
7.047029871365500218e-05 3.548488305346570115e+00 3.684391125688388224e-01
7.306360570631754221e-05 3.548488291420166973e+00 3.684386791481961687e-01
3.787617319815502436e-05 3.548488272279278100e+00 3.684381615346865035e-01
9.424803929243303225e-05 3.548488254526483310e+00 3.684377318133458257e-01
4.885818356919729690e-05 3.548488233127752078e+00 3.684372655717175205e-01
1.215747953389049091e-04 3.548488206890712426e+00 3.684367475950098281e-01
6.302437390368832346e-05 3.548488181329348734e+00 3.684362866015138405e-01
1.306873417266878989e-04 3.548488150037594657e+00 3.684357682850482596e-01
6.774831795111503749e-05 3.548488111542274837e+00 3.684351879268824570e-01
1.404829121034322122e-04 3.548488074900218781e+00 3.684346747849857606e-01
8.739160996130319067e-05 3.548487999439241314e+00 3.684337318824374985e-01
1.812152424157580186e-04 3.548487948125495173e+00 3.684331491033099315e-01
1.779471744696574397e-04 3.548487838666511518e+00 3.684320393066314314e-01
6.406098280907668210e-05 3.548487805459275446e+00 3.684317236733984369e-01
1.594042247434816989e-04 3.548487758344003762e+00 3.684312891738814599e-01
3.966487205137005025e-04 3.548487640576708291e+00 3.684302896922260206e-01
3.226965954512947456e-04 3.548487515157330296e+00 3.684293212337285683e-01
1.104976907002996986e-04 3.548487391580540606e+00 3.684284402946976233e-01
2.749536137233695235e-04 3.548487312373921121e+00 3.684279008346255657e-01
5.385016823741540755e-04 3.548487131262256788e+00 3.684267628014946672e-01
2.619339986781809518e-04 3.548486951028772651e+00 3.684257200238379992e-01
4.526219497158965850e-04 3.548486829950616261e+00 3.684250572075485897e-01
6.159991739915521725e-04 3.548486618182268959e+00 3.684239840002564437e-01
6.098236717976189504e-04 3.548486418445933044e+00 3.684230444627605294e-01
8.172611517436983433e-04 3.548486170170350285e+00 3.684219712097636656e-01
7.961874715019209067e-04 3.548485944949286708e+00 3.684210725832698929e-01
1.076750103483827643e-03 3.548485699784820646e+00 3.684201759794072384e-01
1.040240646790612823e-03 3.548485452812101482e+00 3.684193521572207142e-01
1.029303396447896722e-03 3.548485233225906477e+00 3.684186879282487226e-01
1.379959660418988640e-03 3.548484969875828288e+00 3.684179872117392396e-01
1.346177558495728881e-03 3.548484739280209688e+00 3.684174596133456547e-01
1.822772289552381702e-03 3.548484497163134410e+00 3.684170118178389242e-01
1.764726502069241098e-03 3.548484262760726260e+00 3.684166993007042534e-01
2.098907821441114031e-03 3.548484055626345501e+00 3.684165448972933077e-01
2.325012687194489679e-03 3.548483825594604735e+00 3.684165630889712495e-01
2.279314551622614073e-03 3.548483641262306421e+00 3.684167690129582229e-01
3.087869295808114579e-03 3.548483452496698387e+00 3.684172624410516628e-01
2.983600915565589370e-03 3.548483299180154926e+00 3.684180089158961002e-01
4.275684073449986626e-03 3.548483172698462251e+00 3.684190846808965691e-01
3.925507051956828551e-03 3.548483073554798306e+00 3.684206585663892808e-01
3.875412450563352207e-03 3.548483021765375778e+00 3.684224634228939199e-01
5.195952408979000181e-03 3.548483012969522843e+00 3.684252610415125195e-01
5.073479180924754875e-03 3.548483060899545460e+00 3.684283925215941502e-01
6.877030710225081125e-03 3.548483181712829726e+00 3.684325752078261851e-01
6.673636254231425126e-03 3.548483386723212618e+00 3.684377599920005131e-01
7.950578467660868176e-03 3.548483663103075170e+00 3.684435869526592744e-01
8.829634411088022397e-03 3.548484118457409409e+00 3.684520218562132854e-01
8.680370664560822791e-03 3.548484643541701899e+00 3.684609169343349699e-01
1.161495497522375964e-02 3.548485463757034442e+00 3.684738956867686377e-01
1.132160963593117561e-02 3.548486385025235279e+00 3.684877688571210896e-01
1.533594313869750432e-02 3.548487611913003548e+00 3.685056307715445789e-01
1.487786234370050940e-02 3.548489122920327699e+00 3.685271206506599007e-01
1.772261886831161953e-02 3.548490804148968447e+00 3.685507029278486391e-01
1.968731678320247147e-02 3.548493199947031940e+00 3.685840388649254673e-01
1.936620473354216942e-02 3.548495681298112103e+00 3.686184669431099570e-01
2.592271334243330741e-02 3.548499220975057877e+00 3.686676154220113188e-01
2.528027257946859757e-02 3.548502918730872757e+00 3.687191001659136935e-01
3.426227609152698861e-02 3.548507556346768510e+00 3.687838642861344662e-01
3.326786581854185992e-02 3.548512971769620439e+00 3.688598286051228969e-01
4.759945932460284135e-02 3.548519241722563944e+00 3.689482085449088955e-01
4.362617796661616421e-02 3.548527003767818044e+00 3.690581088496515116e-01
4.305110484974045831e-02 3.548534864389250920e+00 3.691697832378207367e-01
5.774085367736671998e-02 3.548545752276227372e+00 3.693247932104003484e-01
5.641966121382044341e-02 3.548556834378290947e+00 3.694829331760315916e-01
7.637034908534251487e-02 3.548571254880907855e+00 3.696891329494863543e-01
7.380101465896933555e-02 3.548586736126178032e+00 3.699107353008311838e-01
1.058436226790797491e-01 3.548604419291074841e+00 3.701640264611266717e-01
9.741142339391166416e-02 3.548626000526865276e+00 3.704734757095208830e-01
1.156333801463882149e-01 3.548648456599710954e+00 3.707955953121054304e-01
1.280093114195525461e-01 3.548678421068502065e+00 3.712256235906353785e-01
1.255912236356907519e-01 3.548707727450812310e+00 3.716463625887877487e-01
1.703682786680237871e-01 3.548769225947167705e+00 3.721904687947246715e-01
1.650285612684680991e-01 3.548809570363343990e+00 3.727639810192506786e-01
2.230819994328470390e-01 3.548858062584554052e+00 3.734498867290863000e-01
2.160329099246048601e-01 3.548912763531505199e+00 3.742197889700343283e-01
2.571942247082129041e-01 3.548968897483227636e+00 3.750136223589576323e-01
2.857031897787988828e-01 3.549043531523528472e+00 3.760694903097455688e-01
2.811170410342726522e-01 3.549119090286432687e+00 3.771071015498836387e-01
3.759350717276926934e-01 3.549217479420140542e+00 3.785191851330980684e-01
3.662982729747915611e-01 3.549314321570730346e+00 3.799438913768843906e-01
4.961994356020266173e-01 3.549436080937291571e+00 3.816976308631880310e-01
4.818583870803811453e-01 3.549577812447516578e+00 3.837404848906360577e-01
5.732906434747917501e-01 3.549729353874421012e+00 3.859400070610000122e-01
6.362074055530012595e-01 3.549959615203639895e+00 3.890105796278379158e-01
6.253416127360075238e-01 3.550177038930064199e+00 3.921504338520471755e-01
8.484948355949319954e-01 3.550521018400602191e+00 3.964116829529846786e-01
8.216733900782754452e-01 3.550847475283421151e+00 4.011640236627363465e-01
1.110847539313153165e+00 3.551279135516645091e+00 4.071644920959264780e-01
1.074337931036931648e+00 3.551770857642166046e+00 4.142195567931715727e-01
1.276980582449210200e+00 3.552284417224586210e+00 4.217258711258485282e-01
1.414183256156235080e+00 3.553020492387501061e+00 4.319806181781848942e-01
1.386288912816341812e+00 3.553760229242696411e+00 4.421293006768529654e-01
1.877689059755584866e+00 3.554649917692426442e+00 4.552171453772595466e-01
1.815032736011770176e+00 3.555680531452534154e+00 4.690235966803309453e-01
2.599031134878924565e+00 3.556743352300554495e+00 4.843711842872946427e-01
2.379596481723948997e+00 3.558077165789489626e+00 5.024722245279324984e-01
2.342614477702632314e+00 3.559263643277736922e+00 5.197687374499605495e-01
2.022943584141899898e+00 3.560385982995600607e+00 5.349812920450394138e-01
2.097387908038321314e+00 3.561443243406503534e+00 5.503685780876150790e-01
2.174571783054131124e+00 3.562545307688957053e+00 5.659174045653267981e-01
2.254596024670523224e+00 3.563678639202940257e+00 5.815865492022311845e-01
2.337565158378398067e+00 3.564770259604298275e+00 5.973260546966208118e-01
2.423587556206721949e+00 3.565873514925347099e+00 6.131115488205967079e-01
2.512775578275129540e+00 3.567031203004476847e+00 6.289442842498502717e-01
2.605245719555653761e+00 3.568164935820731021e+00 6.447777397994429727e-01
2.701118762035301657e+00 3.569252059614427708e+00 6.606111306570277009e-01
2.800519932478200413e+00 3.570347373685948345e+00 6.764034906398375124e-01
2.903579065993397990e+00 3.571499009421718274e+00 6.921716472384000785e-01
3.010430775621955046e+00 3.572589085804867892e+00 7.078896180609629551e-01
3.121214628164842964e+00 3.573663319549806872e+00 7.235439649900601289e-01
3.236075326481308689e+00 3.574769691061157495e+00 7.391470354560244482e-01
3.355162898495820833e+00 3.575887494840606085e+00 7.546872843888845495e-01
3.478632893160466644e+00 3.576940223496847704e+00 7.701484605417546758e-01
3.606646583628771108e+00 3.578026350338878281e+00 7.855328377114526583e-01
3.739371177906309907e+00 3.579043578182498297e+00 8.008331419559882036e-01
3.876980037253261457e+00 3.580086425516446624e+00 8.160483796009727619e-01
4.019652902624182289e+00 3.581137644615199012e+00 8.311889319398564346e-01
4.167576129440750954e+00 3.582227240154966186e+00 8.462611703881268710e-01
4.320942931004169374e+00 3.583245838017541818e+00 8.612449284431928920e-01
4.479953630865122882e+00 3.584259199311357946e+00 8.761574498848099246e-01
4.644815924480958813e+00 3.585300653762550027e+00 8.909830604349719962e-01
4.815745150501857808e+00 3.586277871687097552e+00 9.057206476522474681e-01
4.992964572040324178e+00 3.587302475584239314e+00 9.203753659383390184e-01
5.176705668291408102e+00 3.588282069670698959e+00 9.349645125695630332e-01
5.367208436884531864e+00 3.589288150647597320e+00 9.494641574241652338e-01
5.564721707361881542e+00 3.590257012524542990e+00 9.638889010160911486e-01
5.769503466192799301e+00 3.591281543344205573e+00 9.782540233227446924e-01
5.981821193748691812e+00 3.592215030718555191e+00 9.925235246951737977e-01
6.201952213678643133e+00 3.593240654468274453e+00 1.006739249111091361e+00
6.430184055142018629e+00 3.594150373102288576e+00 1.020857311031996950e+00
6.666814828371242285e+00 3.595157952461589979e+00 1.034938989162388578e+00
6.912153614055303485e+00 3.596140652395279691e+00 1.048941427171035778e+00
7.166520867052535770e+00 3.597076911508091612e+00 1.062877939871983646e+00
7.430248834960068827e+00 3.598007513404009927e+00 1.076748373692484106e+00
7.703681992086598207e+00 3.598953558728406499e+00 1.090557374683635228e+00
7.987177489395384633e+00 3.599899940528672460e+00 1.104291462382092748e+00
8.281105621005133699e+00 3.601020099095332494e+00 1.120532394221041672e+00
8.585850307858121866e+00 3.602109053872381228e+00 1.136575181739306828e+00
8.901809599187298971e+00 3.603151479785867917e+00 1.152428341870376682e+00
1.465972168312719681e+01 3.604399831988221781e+00 1.170978049810210031e+00
1.423149660286573059e+01 3.605692237081439266e+00 1.189505939401382495e+00
1.405446418944970510e+01 3.606414324396571391e+00 1.199943647343715503e+00
1.395765242437151876e+01 3.606838484363203534e+00 1.206656468209839961e+00
1.377404061516423717e+01 3.607931257552293047e+00 1.222730796395002706e+00
1.366341029599064605e+01 3.608968418406071965e+00 1.237901764897426649e+00
1.361266866244463181e+01 3.609946951854910768e+00 1.252324348329435733e+00
1.411361486922259445e+01 3.611021336873090792e+00 1.267219590791802020e+00
1.463299589640998377e+01 3.611972602772937968e+00 1.281978473382028083e+00
1.517149014539787011e+01 3.612962450560532002e+00 1.296595626561785952e+00
1.572980098274850214e+01 3.613906659776536578e+00 1.311085502996873764e+00
1.630865765891364561e+01 3.614935101506180359e+00 1.325468458997451915e+00
1.690881626076166455e+01 3.615827308677400431e+00 1.339724959852021113e+00
1.753106069915769183e+01 3.616776492614536931e+00 1.353870063086729747e+00
1.817620373288669455e+01 3.617749898628230376e+00 1.367895981169604314e+00
1.884508803025692103e+01 3.618638463867384747e+00 1.381820426160761839e+00
1.953858726977037463e+01 3.619570456374200162e+00 1.395643545808547215e+00
2.025760728129792199e+01 3.620478700948859263e+00 1.409361947417546057e+00
2.100308722924968308e+01 3.621562690738209245e+00 1.425537735740181500e+00
2.177600083928606978e+01 3.622610231841174588e+00 1.441481399169181943e+00
2.257735767017179640e+01 3.623689824508976809e+00 1.457211151753346812e+00
2.340820443243411475e+01 3.624656855013094425e+00 1.472738097034075322e+00
2.426962635554768966e+01 3.625682571859172754e+00 1.488078164986753382e+00
2.516274860543184033e+01 3.626642661539204227e+00 1.503200046850174054e+00
2.608873775411171536e+01 3.627643009826996501e+00 1.518148625178814992e+00
2.704880330346303907e+01 3.628575045234370133e+00 1.532928862501000911e+00
2.804419926503046057e+01 3.629576500813262996e+00 1.547562379559892287e+00
2.907622579798357876e+01 3.630452335021953303e+00 1.562015354243320386e+00
3.014623090734937350e+01 3.631403785689437669e+00 1.576330600111778280e+00
3.125561220473982615e+01 3.632344198439231064e+00 1.590516665956726916e+00
3.240581873387424849e+01 3.633204494442321408e+00 1.604549490711159265e+00
3.359835286328081594e+01 3.634140655664292119e+00 1.618467154756941362e+00
3.483477224864954991e+01 3.635004895282590187e+00 1.632259962835565847e+00
4.334003024087982681e+01 3.636030871460448122e+00 1.648479329006462990e+00
4.493494335374419535e+01 3.637015144429357694e+00 1.664470733536830060e+00
4.658854926916198025e+01 3.637991181735909851e+00 1.680196736171702065e+00
4.830300788226713138e+01 3.638997288737903180e+00 1.695688525895365784e+00
5.008055857233456010e+01 3.639974798304772108e+00 1.710947306683602065e+00
5.192352312779646439e+01 3.640931243853839927e+00 1.726036106277770044e+00
5.383430877889934152e+01 3.641893186763177859e+00 1.740928194496653036e+00
5.581541134196283593e+01 3.642786906882470976e+00 1.755630489439532926e+00
5.786941847934706118e+01 3.643686082636215851e+00 1.770160295838024256e+00
5.999901307938702644e+01 3.644584129398204198e+00 1.784517848582924504e+00
6.220697676070846427e+01 3.645471925331488450e+00 1.798719030498346028e+00
6.449619350550253216e+01 3.646307112776150383e+00 1.812781168133099863e+00
6.686965342650501043e+01 3.647226415309549719e+00 1.826714073907629521e+00
6.933045667260039124e+01 3.648119955351840638e+00 1.840526572318183174e+00
7.188181747815207245e+01 3.648966355921130944e+00 1.854239020083749523e+00
1.490541367226960006e+02 3.649896102143922239e+00 1.869976104630852953e+00
1.545393289540912747e+02 3.650907014830101716e+00 1.885903217339937044e+00
1.602263762596018921e+02 3.651824041545513211e+00 1.901591028044608889e+00
1.661227069059551411e+02 3.652810715082004389e+00 1.917073724192405182e+00
1.722360225200943660e+02 3.653743987009185901e+00 1.932376811733633293e+00
1.785743081488337225e+02 3.654667291520417027e+00 1.947524190260720989e+00
1.851458426887108999e+02 3.655615042051759911e+00 1.962496920772625275e+00
1.919592096996553323e+02 3.656513363167365860e+00 1.977327866859318384e+00
1.990233086166027476e+02 3.657400806692336470e+00 1.992023865056323784e+00
2.063473663736936032e+02 3.658314600520392812e+00 2.006632013616985066e+00
2.139409494562455905e+02 3.659170323688718973e+00 2.021143061083917836e+00
2.218139763962353186e+02 3.660065654408735103e+00 2.035585686407909822e+00
2.299767307276166264e+02 3.660916721771149351e+00 2.049983217849590034e+00
2.384398744183930035e+02 3.661815905176076580e+00 2.064364762910660733e+00
2.472144617969897240e+02 3.662701935202967274e+00 2.078716546919066488e+00
2.563119539911190259e+02 3.663527223120281118e+00 2.093082186990006921e+00
2.657442338979920464e+02 3.664413213160229610e+00 2.107495444982919075e+00
2.755236217054380177e+02 3.665300487054170997e+00 2.121974323898701442e+00
2.856628909841982704e+02 3.666145587266761652e+00 2.136532639434328473e+00
2.961752853724165675e+02 3.667083304038789127e+00 2.151225668374594058e+00
3.070745358741216364e+02 3.667939328090959794e+00 2.166050149681965298e+00
3.183748787942890885e+02 3.668808636954645763e+00 2.181069097275200264e+00
3.300910743339187547e+02 3.669728250103854617e+00 2.196307456556648496e+00
3.422384258694070809e+02 3.670643518630729574e+00 2.211816302053803529e+00
3.548327999414010492e+02 3.671586951628762918e+00 2.227637183166141011e+00
1.839453234896223535e+02 3.672407131062090713e+00 2.241609287440275100e+00
1.907145113940403292e+02 3.673228061217178819e+00 2.255502525436702932e+00
1.977328054133411115e+02 3.674029719099511482e+00 2.269765521729618651e+00
2.050093726525519457e+02 3.674901763170937752e+00 2.284420411187069178e+00
2.125537175661659433e+02 3.675720577276432088e+00 2.299491232544271568e+00
2.203756943726006909e+02 3.676582642017117486e+00 2.314960806251869840e+00
2.284855199255122784e+02 3.677454383837388985e+00 2.330875711512547799e+00
1.974114892156425469e+02 3.678218878052798679e+00 2.344537300377504074e+00
2.046762320187782791e+02 3.678949616433618619e+00 2.358528847337642453e+00
2.122083173570692054e+02 3.679694671907982162e+00 2.372839709192023250e+00
2.200175834358094278e+02 3.680468017594809904e+00 2.387387032925059938e+00
2.281142305062470825e+02 3.681179198690479382e+00 2.402085445570954381e+00
2.365088341888768184e+02 3.681892171351758059e+00 2.416847387622821142e+00
2.452123592870275957e+02 3.682578337734956353e+00 2.431518603013030244e+00
2.542361741087900668e+02 3.683190344418298956e+00 2.445880352342371111e+00
3.163104783791922614e+02 3.683832135521067030e+00 2.462114845454316026e+00
6.559014079670927231e+02 3.684483936703789375e+00 2.478867666585044205e+00
6.800385797802820207e+02 3.684900884791074471e+00 2.492401189947062612e+00
1.692153598838871631e+03 3.684590497283805721e+00 2.498744530429783950e+00
7.310103546983922342e+02 3.683565028493740456e+00 2.482849989478923103e+00
3.157964732297053274e+02 3.682820165360395137e+00 2.469629433869695578e+00
3.274177834445586655e+02 3.681949013655434921e+00 2.453741818284165710e+00
3.394667578753181942e+02 3.681112696159256181e+00 2.438296861819992944e+00
3.519591345651300571e+02 3.680350502265401946e+00 2.423901315825607305e+00
3.649112307171266139e+02 3.679515856581573985e+00 2.408288702900998057e+00
3.783399640075170396e+02 3.678779141036278233e+00 2.394258193820842262e+00
3.922628746829934130e+02 3.677975528344083589e+00 2.379434960982256264e+00
4.066981484713277268e+02 3.677137960280087992e+00 2.363911076051908644e+00
2.108323201675361531e+02 3.676396367167264589e+00 2.349953853663090175e+00
2.185909495497015484e+02 3.675661451140426195e+00 2.335964013095940928e+00
2.266350964931304475e+02 3.674881987241347403e+00 2.321594784423957947e+00
2.349752680440777226e+02 3.674088524102653963e+00 2.306914395421889807e+00
2.436223579080996444e+02 3.673264518379092625e+00 2.292000421109409380e+00
2.525876606791178176e+02 3.672463099593373581e+00 2.276956892934800525e+00
2.618828865921091733e+02 3.671662810959872125e+00 2.261878906054275440e+00
2.715201768186989284e+02 3.670830906894554158e+00 2.246870824959386059e+00
2.815121193256268839e+02 3.670027764732655573e+00 2.232048053694265732e+00
2.918717653168100696e+02 3.669246929123296308e+00 2.217532631325595194e+00
3.026126462804684820e+02 3.668460867407919324e+00 2.203433104526152597e+00
6.274975833271791998e+02 3.667620487035463839e+00 2.187795536342550751e+00
6.505894943936195887e+02 3.666784025615513087e+00 2.172744484224460315e+00
6.745311877873050435e+02 3.666018300173614186e+00 2.158839761852400230e+00
6.993539354978775009e+02 3.665206807771443476e+00 2.144051946738165348e+00
7.250901603241997009e+02 3.664370917957327833e+00 2.129076771233878063e+00
1.804256347737911028e+03 3.663372952369711832e+00 2.110894937093514390e+00
4.489567155203199945e+03 3.662448653069473092e+00 2.093602701894788698e+00
4.654783226514674425e+03 3.663295501021927247e+00 2.106161281490853909e+00
4.189304903863210257e+02 3.663701011836377308e+00 2.112739128567124869e+00
8.043465415417364284e+01 3.663756928636531018e+00 2.113650943714931341e+00
2.777978674291556871e+01 3.663798572153457389e+00 2.113872223359212210e+00
1.632004736161059455e+01 3.663804850816613889e+00 2.113973044616330288e+00
1.215984683779399944e+01 3.663809190313700448e+00 2.114042769074865546e+00
1.012440462830566901e+01 3.663812671883209582e+00 2.114098750036149887e+00
8.879098104111637468e+00 3.663815673233883352e+00 2.114147050127269001e+00
8.397726409160256367e+00 3.663818445258251622e+00 2.114191684697646512e+00
8.095951038737009497e+00 3.663821112886214149e+00 2.114234658214854790e+00
9.577213623218343130e+00 3.663823840462953285e+00 2.114278613305929255e+00
1.491156754639859905e+01 3.663828263847767275e+00 2.114349801018471364e+00
3.108492507687803652e+01 3.663836083005616029e+00 2.114474781442892137e+00
3.745909729474909255e+01 3.663852134215724199e+00 2.114725905804985207e+00
2.769740823152627485e+01 3.663866176802105468e+00 2.114941423044452318e+00
2.266248155839279832e+01 3.663878220717394552e+00 2.115124472949144518e+00
2.020266682984105344e+01 3.663889257699894930e+00 2.115291395642566297e+00
1.890025691965509580e+01 3.663899858365820883e+00 2.115451319448738765e+00
1.826040163517359716e+01 3.663910324967813548e+00 2.115609050696060311e+00
1.786287641250558167e+01 3.663920839772066174e+00 2.115767411939320830e+00
2.386464688072955909e+01 3.663935260762757995e+00 2.115984288790513812e+00
2.276651924533783600e+01 3.663949684771322435e+00 2.116201324883403512e+00
2.221778606987395577e+01 3.663964010665026194e+00 2.116417155506141068e+00
3.184465413982890425e+01 3.663980395983719163e+00 2.116664423274229101e+00
2.900174333676396188e+01 3.664000302310417734e+00 2.116965415733875311e+00
2.820546486736279235e+01 3.664019914269585065e+00 2.117262377901758086e+00
3.364751335159922263e+01 3.664040387615345562e+00 2.117572426185375445e+00
3.668344392035404411e+01 3.664067530218638513e+00 2.117983631276418421e+00
3.498575003782732296e+01 3.664093371257235443e+00 2.118375014652413846e+00
3.421918289898428611e+01 3.664118755293265473e+00 2.118759083192269355e+00
3.382880350195507901e+01 3.664143966557472432e+00 2.119139368156019998e+00
4.044106065428787389e+01 3.664170234648485458e+00 2.119534306189326589e+00
4.425630745129554100e+01 3.664204863673818480e+00 2.120053106753455818e+00
4.213595801342838598e+01 3.664237726238669612e+00 2.120543644674905526e+00
4.078246078449100764e+01 3.664266355955106746e+00 2.121019506458766024e+00
3.988702906871603915e+01 3.664297838763931114e+00 2.121487978676445785e+00
3.928634315545939870e+01 3.664329267546424518e+00 2.121954423500373554e+00
4.673575048005931620e+01 3.664361997914472813e+00 2.122438907454016643e+00
1.162935026345410989e+02 3.664431191673221289e+00 2.123459692830625301e+00
2.893754484755813223e+02 3.664619412067263937e+00 2.126253969406962430e+00
7.200587159507579145e+02 3.665218072335188371e+00 2.135249802284001408e+00
7.465568766977461337e+02 3.666095927152391631e+00 2.149767651667630286e+00
7.740301697602227478e+02 3.666965459482744105e+00 2.163846144989397313e+00
8.025144800073992428e+02 3.667856611708125936e+00 2.178938179048691914e+00
8.320470128716710860e+02 3.668832724446804416e+00 2.194564030902152130e+00
8.626663429453489016e+02 3.669749636455224451e+00 2.210335167811085189e+00
8.944124643657372644e+02 3.670717386653734593e+00 2.226141016200553935e+00
9.273268430543957948e+02 3.671624752720914042e+00 2.241843394945072454e+00
9.614524708787979534e+02 3.672604431565343663e+00 2.257519094881699218e+00
9.968339218071371306e+02 3.673481920103720100e+00 2.273086818346338855e+00
1.033517410129640211e+03 3.674419322177485903e+00 2.288669288808115265e+00
1.071550850822410212e+03 3.675340969765522825e+00 2.304258703507108486e+00
1.110983922132674252e+03 3.676226443602934157e+00 2.319898071270750872e+00
1.151868130467157243e+03 3.677157495900682527e+00 2.335635984395635134e+00
1.194256877668347897e+03 3.678058714921990990e+00 2.351398788887648195e+00
1.238205530766543461e+03 3.678935763668546688e+00 2.367079527251553017e+00
1.283771494298751577e+03 3.679788136091759920e+00 2.382528733835229673e+00
1.331014285288946212e+03 3.680557456032267805e+00 2.397427117781543160e+00
1.379995610987578630e+03 3.681284894834814025e+00 2.411388409501356467e+00
1.430779449471921907e+03 3.682029982224524378e+00 2.426048253783065878e+00
3.560237119709973740e+03 3.682858527999745224e+00 2.444601644249526196e+00
3.691253845715298212e+03 3.682446300961121022e+00 2.440835146135449385e+00
1.913545993618811281e+03 3.681612978837861760e+00 2.426230448086747593e+00
1.653303738486652492e+03 3.680723012154038187e+00 2.410350884635640512e+00
1.714145316062960319e+03 3.679940930222245665e+00 2.395685218452482612e+00
1.777225863694077816e+03 3.679129945797337875e+00 2.380835898710012444e+00
1.842627775478018748e+03 3.678400582232038474e+00 2.366713851018284132e+00
1.910436477615610784e+03 3.677617981571429606e+00 2.351956457119101174e+00
4.753777295980472445e+03 3.676840725084052242e+00 2.336594570354878719e+00
5.134079479658912533e+02 3.676649573018595518e+00 2.333154335818183878e+00
1.642905433490851408e+02 3.676618110588125710e+00 2.332460773919244446e+00
5.420037665193738974e+01 3.676606433317882949e+00 2.332201260932209586e+00
3.295794797127541642e+01 3.676601397962603990e+00 2.332089041639128446e+00
2.669466519239998448e+01 3.676597772755079152e+00 2.332008009750468958e+00
2.539034929808379815e+01 3.676594569284693748e+00 2.331935890438852077e+00
5.014061450650488894e+01 3.676590013596563900e+00 2.331831299166656546e+00
9.481557725647986956e+01 3.676581968070770312e+00 2.331629699027848446e+00
6.677496480403289070e+01 3.676576719465048271e+00 2.331471395671255387e+00
5.177971525310174883e+01 3.676574030471977839e+00 2.331370101247422166e+00
4.611148806716033732e+01 3.676572398797402830e+00 2.331292577564817670e+00
4.253428704575225794e+01 3.676571371953988088e+00 2.331228292037442529e+00
4.116132319977611331e+01 3.676570743642141093e+00 2.331171749972538176e+00
4.008256470962797380e+01 3.676570426137315106e+00 2.331120886825369443e+00
3.950767089808342547e+01 3.676570364446164252e+00 2.331074512661386322e+00
5.340589997624937268e+01 3.676570602948632249e+00 2.331020403901777449e+00
5.105068122453976542e+01 3.676571159605679373e+00 2.330968953815909295e+00
5.031637974295212246e+01 3.676571957380699196e+00 2.330922402144818495e+00
7.224111670645481809e+01 3.676573101023619117e+00 2.330873845973825631e+00
6.570150090830838963e+01 3.676574721195553508e+00 2.330819978215814103e+00
6.328000556846356517e+01 3.676576469184911655e+00 2.330770535082643757e+00
6.207769183104291955e+01 3.676578294385812740e+00 2.330723255025445972e+00
6.177457347909444962e+01 3.676580172907544686e+00 2.330676154621529328e+00
8.368022545299805870e+01 3.676582457708824414e+00 2.330618131075671506e+00
7.963895800891397414e+01 3.676584956163161166e+00 2.330550731447688317e+00
1.353471600685074350e+02 3.676587948426514707e+00 2.330461019736711492e+00
3.367870453416681471e+02 3.676594988440283096e+00 2.330208799481687354e+00
8.380339406645798590e+02 3.676622552173410163e+00 2.329581627132542465e+00
2.085296615234487490e+03 3.676903448275797182e+00 2.331587580186457842e+00
2.162035530675115297e+03 3.677835856817142535e+00 2.344695057039445807e+00
2.241598438203960541e+03 3.678903365813405824e+00 2.360696555698260646e+00
2.324089260729865146e+03 3.679924486276049400e+00 2.375833894478245334e+00
1.204807872762362422e+03 3.680783227482763209e+00 2.389635156544396732e+00
1.249144802480016551e+03 3.681628995699757656e+00 2.403375976219825905e+00
1.295113331211280411e+03 3.682505712925131736e+00 2.417459709701866188e+00
1.342773501799855921e+03 3.683354108719699926e+00 2.431880933882573093e+00
1.392187566666089879e+03 3.684248806677651533e+00 2.446558644909526681e+00
1.443420069119402569e+03 3.685120073474904778e+00 2.461520429929514808e+00
1.496537927662995571e+03 3.685952327310795695e+00 2.476404408022706338e+00
1.551610523400994452e+03 3.686782455731520969e+00 2.490971985552835388e+00
3.217419581324300907e+03 3.687604426988898343e+00 2.506747850846685388e+00
3.335820621917036533e+03 3.688245334079443438e+00 2.520602568258213161e+00
8.300589169928593037e+03 3.688926265373104307e+00 2.537399851102376758e+00
4.303025425690983866e+03 3.688174174273251449e+00 2.528155985205251977e+00
3.717813967797008900e+03 3.687298772167730831e+00 2.513393633789898551e+00
3.854629521811940776e+03 3.686386369487448356e+00 2.497644663733042503e+00
5.781944282717906844e+02 3.686062742054790675e+00 2.491838620608960664e+00
1.776213283650942003e+02 3.685987147203767744e+00 2.490472003702660864e+00
8.211904645556883509e+01 3.685942056228371122e+00 2.490018168157149159e+00
6.254642247211382511e+01 3.685925960348217068e+00 2.489723001300626404e+00
6.974537727951843635e+01 3.685911710365336269e+00 2.489461167699711375e+00
1.142857892672965789e+02 3.685887847068083367e+00 2.489077781887070184e+00
2.151479195690441202e+02 3.685845861320094841e+00 2.488289041118014744e+00
1.544239989558240040e+02 3.685808733182837305e+00 2.487574715400399317e+00
1.197809056020920906e+02 3.685781369628827964e+00 2.487039225733924219e+00
1.036601298714385280e+02 3.685759135216295501e+00 2.486599589930813536e+00
9.571747891445194512e+01 3.685739031432317958e+00 2.486199388578084424e+00
9.309984979590029752e+01 3.685719713647582108e+00 2.485812972815104160e+00
1.212400467410992064e+02 3.685694017113390508e+00 2.485296669994452312e+00
1.135602460349492873e+02 3.685669285825125208e+00 2.484797756261214019e+00
1.100557807021374543e+02 3.685645021753516382e+00 2.484306510530421175e+00
1.090060462255060543e+02 3.685620497871875401e+00 2.483808141783845347e+00
1.450040310396489360e+02 3.685586554922433589e+00 2.483114627992184964e+00
3.608164305165793166e+02 3.685518806197185526e+00 2.481775155664541987e+00
8.978267403830138846e+02 3.685329200381187054e+00 2.477695540373772598e+00
2.234080234629861479e+03 3.684785157023668045e+00 2.465058699978919243e+00
5.559106529434177901e+03 3.684438315723559842e+00 2.449989825807209698e+00
2.881840824858675660e+03 3.685396269653147705e+00 2.460652282291045712e+00
2.489910472677895086e+03 3.686397791829008952e+00 2.475982298058931885e+00
2.581539178072442610e+03 3.687398677075863773e+00 2.492157788209817149e+00
2.676539819825507038e+03 3.688221714819966301e+00 2.507103177785354298e+00
2.775036485195086698e+03 3.689087601217426293e+00 2.522582362253020349e+00
2.877157827850264312e+03 3.689811771223288517e+00 2.537420711000343498e+00
2.983037235915155179e+03 3.690571386588737735e+00 2.552691185038902244e+00
7.422751214872392666e+03 3.691153834863926342e+00 2.568103857129968137e+00
9.235090151495636746e+03 3.690353249053357043e+00 2.562137407274612144e+00
3.989558945446113285e+03 3.689462838816718104e+00 2.548415107175792116e+00
3.446978928865441048e+03 3.688514568833499485e+00 2.533192694766910336e+00
3.573827753447691066e+03 3.687625681751585560e+00 2.518057896594166678e+00
3.705344614774563524e+03 3.686809941906480148e+00 2.503983999628039747e+00
3.841701296598268982e+03 3.685914381911911342e+00 2.488796552677762897e+00
8.298074800652257181e+02 3.685340004341107534e+00 2.478638834126752677e+00
6.372921446900936644e+02 3.685126239632326328e+00 2.474737201889781080e+00
6.331418529640228599e+02 3.684971051125325303e+00 2.471852243981197628e+00
3.936221896778567384e+02 3.684828627594185502e+00 2.469249870759092857e+00
3.037008467024332958e+02 3.684724911072505549e+00 2.467250468664237584e+00
3.999919153311321907e+02 3.684609694395245771e+00 2.465096357637462265e+00
9.953078827567620692e+02 3.684326793068794181e+00 2.459237671753643273e+00
1.238322255410653042e+03 3.683644237342925898e+00 2.444416389041962123e+00
2.567785028819529089e+03 3.683156092751299848e+00 2.430667323278420167e+00
3.194735421456105541e+03 3.683605567411362802e+00 2.431178314300626919e+00
2.760251404138074577e+03 3.684677920558419029e+00 2.447358237538890258e+00
1.430914327905178197e+03 3.685505918412883997e+00 2.461480841983457957e+00
1.483571975172087832e+03 3.686410063370091805e+00 2.477231918646865427e+00
1.538167423858421216e+03 3.687222155835645054e+00 2.493265616293165898e+00
3.189543970112820716e+03 3.688077652412856455e+00 2.509732828174302099e+00
3.306919188212970766e+03 3.688710141330275860e+00 2.522252160068575222e+00
8.228673154414100281e+03 3.689250354106409890e+00 2.535263744860697166e+00
2.047557198359169706e+04 3.688723960879117136e+00 2.530620466382877076e+00
8.845447096911610060e+03 3.687797279704752018e+00 2.516432128046695471e+00
9.170959550077952372e+03 3.686764467977817539e+00 2.499939598131554863e+00
4.754225430760411655e+03 3.685885632756686903e+00 2.485341250748343001e+00
4.107650772176994906e+03 3.685083979041132274e+00 2.471922997232641972e+00
4.258812320593109689e+03 3.684211730706609345e+00 2.457175320412187780e+00
3.066344870827036175e+03 3.683787801075974144e+00 2.449335679699149892e+00
3.179186362073472537e+03 3.683038098000671390e+00 2.433290772390579004e+00
3.955416504237327899e+03 3.683097023810479875e+00 2.427912152431024762e+00
2.847899883050876269e+03 3.684059575565986400e+00 2.442714847635981457e+00
2.952702598747149750e+03 3.684861219147075762e+00 2.456871852165532388e+00
3.061362054381042981e+03 3.685630832623639552e+00 2.470695733884328060e+00
3.808824213578718627e+03 3.686515387812149935e+00 2.487845961174449005e+00
3.290824120532012330e+03 3.687076389301390478e+00 2.497432158156182247e+00
2.843272040139657747e+03 3.687346129872179912e+00 2.502758800327003375e+00
2.456587042680663671e+03 3.687508115351266103e+00 2.505912130593061171e+00
2.122491204876092979e+03 3.687609681876205414e+00 2.507851973058813577e+00
1.528193667510787236e+03 3.687667554174330675e+00 2.508921806828083856e+00
1.320359328729319714e+03 3.687708399425749572e+00 2.509648597965218997e+00
9.506587166851104485e+02 3.687734268249351910e+00 2.510093649469128163e+00
8.213691312159352265e+02 3.687751303222765120e+00 2.510379513713394850e+00
3.548314646852842316e+02 3.687761273603340495e+00 2.510544122510065979e+00
2.554786545734044125e+02 3.687767926113180383e+00 2.510652822136462792e+00
1.867634544594246222e+02 3.687773015325529258e+00 2.510735361787529207e+00
7.162194706946127098e+01 3.687775050442875013e+00 2.510768228426747406e+00
1.782183233318818907e+02 3.687777578591086236e+00 2.510808932882281574e+00
4.434642183131879847e+02 3.687783819325169965e+00 2.510908781535386769e+00
1.103480883713071989e+03 3.687799080153982612e+00 2.511149236471385215e+00
2.745813552560909102e+03 3.687836072396923459e+00 2.511707817550128841e+00
6.832462779108362156e+03 3.687935002583747401e+00 2.513262977426915068e+00
1.700135378251092334e+04 3.688249874503253256e+00 2.518635297229708581e+00
4.230480864409754577e+04 3.688655084604083534e+00 2.525491224109601252e+00
1.052679014452807169e+05 3.688437014717509399e+00 2.522320946934022867e+00
2.619402245243212092e+05 3.687882740581997165e+00 2.512889660982217332e+00
6.517910994883584790e+05 3.687187869277668728e+00 2.500211667725658504e+00
7.322029145082146861e+05 3.687094030098594821e+00 2.495741361148745341e+00
6.702546719655316556e+05 3.687439493168569449e+00 2.498447063452685857e+00
6.486336490300102159e+05 3.687731972361975696e+00 2.500437824808686926e+00
7.718586768476408906e+05 3.687998507199417020e+00 2.501691179703395829e+00
6.355352999051770894e+05 3.688237254303990742e+00 2.502860082360404803e+00
8.885168214922994375e+05 3.688461136317209732e+00 2.503661357017880285e+00
6.343421794096145313e+05 3.688669864203385274e+00 2.503908930346259609e+00
7.612000695238686167e+05 3.688835705135435461e+00 2.503795219056501153e+00
8.875291474365085596e+05 3.688944277055025811e+00 2.502847803414871120e+00
6.075573586961152032e+05 3.688956809558586958e+00 2.500608427758764574e+00
6.526486418983242474e+05 3.688828858629075391e+00 2.496127667299674169e+00
7.237110030004398432e+05 3.688553796686361519e+00 2.489698632670677814e+00
6.341361192790035857e+05 3.687911598171066618e+00 2.477715881854643865e+00
8.707352231356911361e+05 3.687639597924593726e+00 2.470855490365857055e+00
8.973016386980058160e+05 3.687241070089129824e+00 2.461855681299278231e+00
5.619406026433785446e+05 3.686916594330919672e+00 2.454758233763754127e+00
5.826200168206550879e+05 3.686345748168854186e+00 2.444202013202399826e+00
6.040604334396542981e+05 3.685512716766675467e+00 2.429522989186197357e+00
2.609541072459305287e+05 3.684817485738195231e+00 2.417948553952496749e+00
2.705572183925808640e+05 3.684023968168416818e+00 2.404760031045724666e+00
1.402568620147139591e+05 3.683157078863667167e+00 2.390677279610534001e+00
1.211819287807128421e+05 3.682457282995931447e+00 2.379220511285113027e+00
1.256414237598431209e+05 3.681622287321599796e+00 2.365882667148435647e+00
1.302650281542054145e+05 3.680718615090480039e+00 2.351001657821319313e+00
6.752939059513996472e+04 3.679862582689119588e+00 2.337168410163475762e+00
7.001447216904113884e+04 3.679486879921269438e+00 2.330537901189526195e+00
6.049250395405153540e+04 3.680460302769349212e+00 2.346251571594458518e+00
1.505247074389453919e+05 3.679999732908019627e+00 2.338500406171218682e+00
3.251333680681225451e+04 3.680827533803491480e+00 2.350702675829238419e+00
8.090358624312699249e+04 3.681274592809439028e+00 2.358380271249023163e+00
8.388083821687410818e+04 3.680438080905887865e+00 2.344689082299213023e+00
2.087223673518119904e+05 3.680175197395797237e+00 2.339628200245128742e+00
1.082016752351793693e+05 3.679200081110870268e+00 2.324152728664768741e+00
1.121834968838340137e+05 3.679091030667966500e+00 2.321675439618527292e+00
5.815592478457945253e+04 3.678499248056477100e+00 2.312104299873450231e+00
6.029606281665199640e+04 3.677676194792378173e+00 2.298778936678931295e+00
6.251495792830481514e+04 3.676825456492896826e+00 2.285081689432246765e+00
3.240775419003322531e+04 3.676039256488647489e+00 2.272321408863577918e+00
6.720071908845294092e+04 3.675448870318585026e+00 2.262321379290533674e+00
1.451535532310582676e+04 3.675592305758454081e+00 2.263429200560817645e+00
7.524760199498055044e+03 3.676646928385465696e+00 2.279861142638946347e+00
6.501392812366324506e+03 3.677474736050281745e+00 2.292470031798185648e+00
6.740644067861401709e+03 3.678422992004802605e+00 2.306872117455394999e+00
6.988699769558703338e+03 3.679293432078955206e+00 2.321381985737203113e+00
7.245883921078459935e+03 3.680186465678842112e+00 2.335659296060741408e+00
9.015038939248976021e+03 3.681169255360249526e+00 2.351717818410765659e+00
1.869358474442666920e+04 3.681932690783717987e+00 2.364791291158193864e+00
4.651562079125172750e+04 3.682600507315564542e+00 2.375784213681649160e+00
1.157457495272874075e+05 3.682438974887592753e+00 2.373303885426979676e+00
1.200051931098916248e+05 3.681557997297195239e+00 2.358935915642987435e+00
6.221069210816783743e+04 3.680631861842080799e+00 2.344107671515482938e+00
6.450004557774843852e+04 3.679700725966811525e+00 2.329138779477951005e+00
5.572803937917463918e+04 3.678725851159069027e+00 2.313231540522505458e+00
5.777883122832817025e+04 3.677722429498991641e+00 2.297028173468702583e+00
5.990509221753067686e+04 3.676718798646833708e+00 2.280884332180985297e+00
3.105479980556790906e+04 3.675855650369415528e+00 2.266878188813645778e+00
1.341567351600533220e+04 3.675340352144403688e+00 2.258375361635009515e+00
2.781874060278867182e+04 3.675434148927386069e+00 2.259204798050284069e+00
6.922192861673104926e+04 3.675918051284987609e+00 2.267697884683854248e+00
7.176929558982678282e+04 3.675368790321730916e+00 2.258221632168028847e+00
1.785849736020776327e+05 3.675418828062800181e+00 2.258517104026723565e+00
3.857435429804874730e+04 3.674631312523672921e+00 2.245525888688971516e+00
3.332824211351411213e+04 3.673658447303701280e+00 2.229990303251506489e+00
3.455472142329144117e+04 3.672797502050873852e+00 2.215704380170972154e+00
3.582633517166857928e+04 3.671863994583746127e+00 2.200627587162100607e+00
3.714474430598592880e+04 3.670941683133069233e+00 2.185377023802825391e+00
3.851167089644622320e+04 3.669966098414937150e+00 2.169353633510862078e+00
3.992890038543545961e+04 3.669259637965540666e+00 2.157632313038344130e+00
1.724928496650811212e+04 3.670079162695215391e+00 2.171034990004018450e+00
4.292174076786143269e+04 3.670750949475454661e+00 2.181650055468960403e+00
4.450126082811874949e+04 3.669912367136646036e+00 2.167985252108945549e+00
4.613890722659353924e+04 3.669737569880431760e+00 2.164686167684357176e+00
2.391840950626604899e+04 3.669044621281679408e+00 2.153528659613811236e+00
2.066550581341390352e+04 3.668209417031173647e+00 2.139775676110848401e+00
2.142599642734749796e+04 3.667323427446016471e+00 2.125373664608156243e+00
2.221447309587389827e+04 3.666272005736920025e+00 2.108277049967773209e+00
5.757991426450515064e+03 3.665435051904036623e+00 2.094895825540294521e+00
8.845871525497954281e+03 3.665318182361682720e+00 2.092294369247766461e+00
2.201135903432705163e+04 3.666219650533127261e+00 2.107271807632762339e+00
2.738565245614832020e+04 3.666789264981248575e+00 2.116694983579366252e+00
2.366120372211214271e+04 3.667799609136442207e+00 2.132548925065523182e+00
1.471916161145153455e+04 3.668345150434745960e+00 2.141538754452077864e+00
1.271735563229412401e+04 3.669294872506861260e+00 2.155815682465162197e+00
1.318535431956255161e+04 3.670247745781253013e+00 2.171550374455674781e+00
5.696073066051026217e+03 3.671161317795896828e+00 2.185862294672617612e+00
5.905688554881700838e+03 3.672046077737759262e+00 2.199858764433356928e+00
6.123017893701349749e+03 3.672916846608505814e+00 2.213606853034415511e+00
6.348344952189555443e+03 3.673852482032506916e+00 2.228942124451942508e+00
1.579671371143231772e+04 3.675072823011805934e+00 2.248448576153228018e+00
3.930727866243122844e+04 3.676055913496598215e+00 2.265606949135116288e+00
4.075378651720871858e+04 3.675255746138690771e+00 2.252624317158807621e+00
1.056338146526050150e+04 3.674732321029217985e+00 2.243981558833444634e+00
1.056338146526050150e+04 3.674665317653342811e+00 2.242876082920831404e+00
1.825352317197014418e+04 3.674210086813305409e+00 2.235452503775617217e+00
4.542060677927670622e+04 3.673474736113898409e+00 2.223245475688724326e+00
2.354604255437705069e+04 3.672640907709291191e+00 2.209625037434116201e+00
1.017189038349088332e+04 3.672073837577378264e+00 2.200596852425850347e+00
2.109243189920666191e+04 3.671460228118910596e+00 2.190703686748666890e+00
1.093431669654873622e+04 3.671971111575328184e+00 2.197721433364812516e+00
9.447249625818116328e+03 3.672844969465109966e+00 2.211992029206035326e+00
9.794908412048227547e+03 3.673718003925813491e+00 2.226001200515017153e+00
2.437286649986779958e+04 3.674660171327924107e+00 2.241736723190787206e+00
2.526978798706294401e+04 3.675514285571432893e+00 2.255344967402646450e+00
6.287931884396840906e+04 3.676616380467719658e+00 2.272871237087485508e+00
7.823193333291182353e+04 3.676179104215520521e+00 2.265757482661880928e+00
2.816349599984822635e+04 3.675434341396426330e+00 2.253586941929559995e+00
2.919991265264265166e+04 3.674531280083547458e+00 2.238897753205408403e+00
3.027446943825991548e+04 3.673645125858423288e+00 2.224626320900310983e+00
1.307857079732827879e+04 3.673221386057544446e+00 2.218007506268278473e+00
3.254366928640787592e+04 3.672329515299322722e+00 2.203350054603284036e+00
3.374127631614769780e+04 3.671555855518266576e+00 2.190678443138419418e+00
1.749147764229097083e+04 3.670659366595427908e+00 2.176343461408367652e+00
1.813516401952724846e+04 3.669739395825393657e+00 2.161173224016864403e+00
3.760507611089172860e+04 3.668789681681155823e+00 2.145481754156814524e+00
4.678673149412709608e+04 3.668802202689250613e+00 2.145477932502408702e+00
4.042373601092580066e+04 3.667875848711579234e+00 2.130406181734744386e+00
4.191132949612780794e+04 3.667847633172018451e+00 2.129422817429177162e+00
2.172683321079266170e+04 3.667511095901627272e+00 2.124052281864714953e+00
1.877198389412485267e+04 3.666572361238450206e+00 2.108738292151529858e+00
1.946279290142865648e+04 3.665693862011284665e+00 2.094481589777747566e+00
2.017902368020124050e+04 3.664793677806384764e+00 2.080101928291275382e+00
1.046080587581632608e+04 3.663934405705770114e+00 2.066344887326115209e+00
5.422881766023178898e+03 3.663348780038392150e+00 2.056694807770814037e+00
5.422881766023178898e+03 3.663272464934358208e+00 2.055441488054824184e+00
9.370739691688051607e+03 3.662755022241146907e+00 2.047098963768118729e+00
9.715582912342177224e+03 3.661790030134655094e+00 2.031332571080315397e+00
1.007311636351636298e+04 3.660907479682718790e+00 2.016910445502955174e+00
2.506513690966501235e+04 3.659957332399018437e+00 2.001407669880048257e+00
1.299376697397034695e+04 3.659528278562939274e+00 1.994387419803743899e+00
1.347193759861246144e+04 3.658715814539851063e+00 1.981333401886822498e+00
1.396770490224137757e+04 3.657842099423681770e+00 1.967245404452206081e+00
1.448171644264386487e+04 3.656907424409808538e+00 1.952105006984362845e+00
7.507321803866581831e+03 3.656338620071560186e+00 1.942775125840561223e+00
1.297265207708145317e+04 3.655892993283689218e+00 1.935266284289939742e+00
